ok
48162 22090 27159 6916 12785 49433 40405 36790 35864 47307 
18794 22647 47194 45044 24162 42036 48569 38582 8934 796 
47598 36497 45625 465 36624 28379 30694 8283 23303 6184 
13697 10871 18351 13093 20359 12204 19884 1049 38224 26517 
43819 22893 15543 18072 16196 27251 23552 22886 37199 35289 
36172 25116 39250 26305 19838 16662 8502 6756 5998 27855 
49018 13201 49157 34537 19889 6496 23907 40665 9718 16848 
14791 39015 34362 47285 44560 5770 23220 48451 21714 33063 
31735 17597 1062 5660 15216 49491 21187 17397 43649 21517 
45195 48321 26749 43246 19169 34577 48990 23234 4848 22898 
