1000
785 49
266 797
332 824
216 44
410 287
943 781
440 419
195 352
568 882
522 404
158 76
905 136
300 869
371 631
68 165
578 742
205 861
348 353
751 331
925 21
145 905
136 46
462 161
995 818
575 926
883 95
632 660
679 495
931 635
294 823
923 994
664 611
400 816
619 902
36 495
510 652
918 889
652 569
27 989
966 204
147 131
820 554
296 353
801 824
75 155
924 120
23 887
86 90
869 447
416 438
925 379
214 798
161 578
348 712
236 554
575 449
979 2
696 475
333 438
443 992
11 335
330 130
682 363
920 607
960 100
958 479
144 398
139 261
303 450
626 12
108 48
744 186
148 210
849 266
625 387
579 783
8 51
783 446
65 740
15 552
496 204
830 58
217 308
806 885
982 576
768 51
305 177
85 463
566 864
500 176
164 941
276 645
918 782
44 540
427 432
230 728
397 422
358 747
978 906
258 436
735 813
78 764
564 186
801 889
723 943
67 389
860 378
649 308
168 981
669 295
357 105
334 792
83 668
188 840
63 362
250 369
846 440
921 624
933 361
288 944
345 975
84 423
719 868
80 292
53 136
935 393
202 556
326 815
875 450
425 243
648 831
77 962
263 27
493 690
683 4
584 534
397 217
495 147
822 673
833 717
962 133
932 213
950 149
569 276
73 677
879 658
866 159
858 120
364 439
607 518
103 391
814 540
435 107
314 451
66 120
629 547
357 159
181 39
416 454
687 446
934 398
479 347
953 875
498 236
825 657
996 760
43 696
962 575
40 344
982 395
357 983
566 383
880 646
979 698
983 707
611 818
650 552
868 737
455 591
280 174
565 7
804 57
329 104
402 835
434 631
428 898
394 892
826 676
801 391
437 780
27 192
732 556
221 476
379 548
684 714
378 387
13 192
736 732
838 71
459 883
64 764
860 913
793 557
91 312
510 824
708 588
350 673
387 168
768 544
110 70
790 630
204 890
741 356
105 623
898 857
821 496
47 776
945 601
120 886
411 115
618 363
379 204
779 182
859 971
796 688
200 515
819 60
288 251
598 365
483 835
745 197
934 316
716 385
289 36
438 332
985 814
316 609
677 812
235 249
433 653
557 341
250 155
611 363
608 927
287 549
520 643
427 510
653 205
373 100
534 513
660 486
225 310
30 259
323 986
448 906
899 188
719 583
690 343
299 574
407 426
211 414
562 459
82 539
682 767
347 525
224 31
741 324
721 764
203 354
629 9
214 944
92 785
334 495
926 816
112 402
625 446
908 245
335 116
800 100
45 934
101 811
455 62
920 304
695 425
733 715
956 194
837 192
940 658
344 872
907 380
261 923
527 434
989 638
270 883
483 655
604 89
880 431
41 635
770 169
325 509
641 108
45 256
644 559
505 883
611 240
552 711
469 444
503 425
705 454
162 184
995 284
105 431
999 987
351 235
3 60
479 4
467 615
583 625
109 836
531 962
669 510
272 46
302 178
86 665
615 125
477 320
363 561
280 805
229 980
570 761
525 857
578 987
202 549
581 754
874 549
148 855
347 485
537 151
553 680
244 711
189 493
485 495
645 424
167 511
958 905
501 9
876 956
519 408
635 39
279 846
539 416
177 190
237 803
464 143
814 443
358 865
56 339
716 464
661 670
721 931
181 441
539 317
167 608
183 391
613 106
196 712
530 398
413 230
888 485
472 86
101 517
212 939
68 429
298 339
123 214
997 653
113 439
49 107
600 36
626 742
804 4
620 606
306 401
156 922
510 447
833 908
428 53
196 613
255 319
450 826
804 545
512 915
214 994
863 101
839 589
165 907
290 460
430 214
406 815
646 498
463 540
784 585
820 251
218 124
464 403
199 975
29 819
143 733
190 95
91 406
569 920
820 50
627 179
355 390
901 187
582 939
32 709
666 438
53 587
73 326
474 723
913 542
116 935
59 140
801 350
771 995
442 727
349 369
547 417
902 474
472 317
289 733
522 49
142 987
818 61
908 72
807 242
859 837
29 683
17 679
562 591
576 214
229 467
201 651
877 600
307 188
691 943
889 55
149 892
493 344
87 329
882 351
826 359
738 799
593 100
741 591
116 16
715 123
75 23
901 37
951 529
115 257
513 858
893 842
344 773
184 612
945 162
331 984
377 405
785 401
548 947
685 840
791 811
504 353
922 710
377 435
797 56
697 218
528 253
288 121
132 100
298 999
556 343
901 839
12 514
798 703
683 744
322 533
892 534
609 558
910 603
288 670
350 723
612 490
486 154
601 846
268 389
864 489
583 37
874 471
306 172
882 156
13 545
691 109
317 780
489 368
90 202
54 395
653 517
82 31
398 169
361 902
319 36
551 184
175 556
35 106
435 783
303 248
328 931
309 30
586 909
641 950
344 501
27 399
306 521
566 399
168 835
327 184
88 332
514 967
968 847
894 653
659 56
183 710
516 44
546 758
973 375
245 676
212 434
544 706
221 935
236 884
949 778
123 838
986 724
206 5
276 241
979 782
820 976
456 718
444 189
278 524
920 434
783 692
275 138
185 733
313 961
386 336
947 845
990 766
634 663
571 658
377 878
359 645
176 93
404 240
842 919
605 974
756 166
173 813
214 506
939 743
830 644
715 614
298 982
867 292
474 714
345 406
2 349
27 216
798 245
71 345
674 82
917 435
953 819
647 278
981 670
676 550
610 438
25 835
465 879
176 276
495 299
239 186
6 907
425 865
903 458
99 458
402 273
37 736
243 518
722 387
216 288
185 26
113 677
38 129
174 951
848 875
421 686
273 967
330 545
7 931
170 248
542 499
296 301
236 792
651 881
347 186
787 468
323 863
814 959
586 499
664 372
999 396
613 283
827 859
342 840
151 298
521 597
753 364
111 837
560 874
751 161
672 607
174 824
895 466
281 29
260 301
751 120
310 211
846 523
434 985
435 843
626 629
848 726
480 943
711 34
824 805
619 844
341 637
605 342
562 243
702 594
617 754
128 673
297 128
297 599
883 548
803 577
533 926
554 771
887 529
468 278
35 114
293 183
93 603
123 449
803 874
409 365
949 842
595 492
709 277
63 748
266 547
540 177
423 806
234 328
106 225
105 205
369 195
590 271
432 362
1000 384
512 167
14 528
992 442
995 280
804 194
304 179
385 629
398 131
2 783
74 339
523 889
679 31
774 452
340 670
810 690
457 101
208 696
344 734
813 954
969 247
89 804
434 886
441 298
391 511
102 684
537 257
387 504
782 299
510 21
662 26
43 794
695 995
276 556
903 798
334 925
330 772
634 947
11 862
374 860
681 66
203 880
663 58
617 982
174 512
528 977
105 241
60 918
453 754
209 677
322 357
124 116
789 43
399 749
413 150
536 583
971 283
927 65
116 447
76 343
190 854
254 975
651 663
648 90
60 536
402 995
462 794
269 499
349 889
884 264
543 618
81 758
732 319
58 767
901 576
146 170
568 531
205 386
816 409
98 828
610 916
862 741
636 492
214 919
275 611
87 292
468 132
668 848
903 364
153 988
329 44
816 408
745 406
347 368
507 348
207 915
508 662
689 207
686 522
520 435
442 333
711 350
324 202
140 810
237 216
27 20
883 804
623 539
163 475
74 227
569 831
954 245
44 336
416 818
50 435
837 893
227 681
646 399
525 159
719 914
581 231
539 411
918 293
101 146
862 104
490 66
274 950
742 821
441 322
638 910
68 820
375 911
658 975
160 892
225 561
86 964
5 268
507 109
453 591
969 406
792 188
85 466
348 270
200 930
475 106
32 897
824 745
697 378
752 861
409 539
702 59
836 759
957 783
89 721
42 489
388 932
930 949
305 736
91 903
921 292
724 762
943 213
873 384
611 5
959 413
613 21
183 189
881 432
112 962
339 558
852 496
578 461
49 202
964 795
177 11
958 506
967 37
704 797
439 176
701 319
949 470
344 691
883 393
592 897
967 888
595 15
832 754
922 710
790 582
189 722
932 210
308 267
437 6
877 977
967 768
563 938
430 740
823 921
154 839
228 239
664 926
592 619
703 663
694 47
93 651
543 798
578 590
704 552
225 224
126 808
928 576
385 463
120 401
413 419
3 840
851 200
145 699
109 741
904 467
749 767
715 194
995 647
343 437
783 154
815 65
634 907
510 619
976 912
672 413
452 588
984 387
318 610
916 787
334 191
860 858
924 88
783 757
799 42
321 843
739 807
573 41
924 686
332 286
707 535
523 120
59 217
643 486
373 816
691 517
633 713
766 657
638 681
82 758
1000 15
41 823
317 706
701 80
741 530
239 767
429 951
273 346
370 507
973 618
489 608
673 182
86 950
381 659
488 996
305 857
958 469
245 123
932 349
28 581
143 722
391 921
875 800
892 859
850 542
230 463
135 658
932 927
715 340
69 237
217 676
72 236
209 458
817 177
508 238
767 326
140 566
721 184
787 592
893 741
694 451
687 170
159 433
213 730
470 201
771 55
990 338
740 120
458 807
142 893
892 206
74 529
893 879
252 345
58 9
845 198
452 120
743 262
865 747
68 444
477 722
482 936
486 349
276 401
366 17
