489679
489602
530599
530419
825075
870246
869771
869752
869629
891203
891142
890540
924697
924432
934034
933180
932823
932236
932221
931299
930460
929867
929685
928785
977498
977984
977059
976729
976388
1010371
1079342
1078501
1078129
1166594
1166115
1165239
1164489
1163839
1163561
1162641
1162108
1182683
1182084
1181317
1181213
1180553
1200277
1264456
1263646
1263369
1263016
1262036
1261264
1261190
1260859
1260193
1259602
1259467
1259425
1259073
1267276
1266506
1266376
1265597
1400693
1400025
1399712
1399322
1399315
1399017
1399002
1399002
1398874
1398338
1398005
1397764
1397311
1397293
1396964
1396069
1395231
1395126
1395046
1394583
1395603
1407198
1406413
1406006
1405815
1405097
1404338
1403700
1403518
1402823
1402624
1402524
1402446
1401685
1401480
1400751
1400299
1400234
1399697
1399572
1398621
1398390
1397619
1396854
1396412
1396123
1395658
1395459
1394769
1394425
1393882
1393342
1393268
1393161
1392317
1392145
1391928
1391439
1391212
1390404
1389996
1389180
1388862
1389745
1392029
1391846
1391207
1390239
1389937
1389828
1389651
1388745
1388659
1388114
1387242
1386323
1385616
1384721
1384692
1384521
1384392
1385261
1384872
1384450
1384330
1383344
1383283
1383147
1383012
1382806
1381871
1418989
1418217
1418124
1417779
1417471
1416775
1416578
1415650
1415544
1415271
1414958
1414202
1414044
1413309
1412978
1412364
1412161
1411375
1411037
1410906
1410644
1409829
1409557
1409350
1408593
1408376
1407390
1406679
1405796
1405020
1404747
1404730
1404299
1403907
1403844
1403768
1403434
1402666
1416022
1415849
1415170
1414613
1414424
1414396
1413964
1413479
1412965
1707944
1740587
1739991
1739572
1738907
1738556
1738170
1738032
1737563
1736883
1736458
1736043
1735518
1734712
1734079
1733635
1733480
1733317
1732897
1732261
1731617
1731365
1730931
1735613
1735200
1735046
1734413
1733980
1733441
1733292
1732389
1732118
1731819
1731110
1730627
1729736
1729405
1728866
1728630
1727857
1727542
1726605
1725983
1725863
1725809
1725344
1725151
1732371
1732360
1731894
1731408
1730991
1730562
1730258
1729533
1728687
1727860
1727120
1726751
1725998
1725015
1724666
1723916
1723380
1722854
1722560
1722479
1721828
1721707
1720928
1720713
1720686
1719887
1719297
1719192
1718529
1718361
1717599
1716920
1716781
1716283
1715470
1715005
1714366
1713589
1712713
1712028
1711989
1722221
1721989
1721451
1720504
1719546
1719440
1719007
1718241
1718165
1717640
1716843
1716088
1715499
1715443
1715130
1714132
1713651
1713351
1713260
1712751
1712506
1712379
1711746
1710789
1710050
1709892
1709629
1709455
1709200
1708602
1708274
1707653
1707179
1706426
1705926
1705318
1705231
1704525
1703669
1703524
1702786
1721723
1721250
1721029
1720379
1719662
1719145
1718634
1718315
1718004
1717703
1717505
1716820
1716029
1715264
1715095
1714911
1714182
1713695
1713096
1712627
1712045
1711381
1711340
1711304
1710693
1710530
1710294
1710221
1710688
1709877
1709382
1708910
1708865
1709201
1708603
1708501
1708038
1707351
1706692
1706105
1705744
1705690
1704812
1704782
1704671
1704083
1703851
1703181
1703177
1702236
1701434
1701031
1700055
1699426
1699389
1699052
1698269
1698145
1697981
1696994
1696298
1695392
1695131
1695024
1694772
1693932
1693415
1693023
1692462
1691819
1691668
1691650
1690989
1690771
1690651
1689945
1689458
1688809
1688739
1688452
1687469
1686486
1686333
1685479
1684530
1684373
1684023
1683601
1682708
1682466
1682313
1682103
1681956
1681368
1680939
1680891
1680170
1679644
1679283
1679158
1678263
1677294
1676906
1750103
1750003
1749301
1749001
1748850
1773058
1869617
1869350
1868534
1868331
1867641
1867283
1866637
1866525
1866520
1865966
1865449
1864503
1863995
1863258
1863119
1862837
1862637
1862561
1861953
1861145
1860642
1859720
1859616
1859010
1858370
1857510
1857099
1867999
1867693
1867197
1866614
1866249
1865948
1865730
1864858
1864116
1863855
1862915
1862387
1861914
1861412
1861330
1860689
1860545
1860126
1859807
1859476
1858873
1858630
1858457
1858348
1857791
1857096
1856340
1855522
1854742
1854623
1854142
1853790
1853075
1852456
1852222
1851455
1851101
1850934
1850327
1849419
1848756
1848263
1847991
1847347
1846619
1846016
1845396
1845305
1845027
1844613
1843617
1843367
1843341
1842483
1842163
1841172
1840513
1840473
1840179
1839907
1839259
1838379
1837438
1836608
1835664
1835183
1834188
1833753
1833408
1832894
1832193
1831761
1830927
1830334
1830281
1829986
1829102
1828957
1828531
1828211
1827536
1826822
1826678
1825962
1825446
1825186
1824203
1824107
1823531
1823095
1822658
1823371
1822529
1821822
1821409
1820559
1819892
1819319
1819163
1818664
1818031
1817895
1817205
1816238
1815874
1815704
1815128
1814797
1813900
1813199
1812467
1811718
1811073
1811016
1810617
1810083
1809430
1937648
1936676
1935760
1955592
1955537
1955837
1955155
1954624
1954316
1953426
1952941
1952727
1951832
1951100
1950115
1949977
1949258
1949209
1949139
1948484
1947995
1947336
1947151
1946689
1946316
1946192
1945702
1944778
1944129
1944124
1943600
1942650
1942650
1942046
1941928
1941918
1941312
1941066
1940880
1940810
1939917
1939845
1939416
1939371
1938876
1938675
1938285
1938151
1937763
1936821
1935844
1935770
1934868
1934607
1933891
1933058
1932434
1931539
1931377
1931274
1930550
1930498
1929529
1928720
1928401
1928276
1932695
1932126
1931876
1931599
1930828
1930121
1929126
1928903
1928868
1928022
1927884
1927150
1926162
1926122
1925913
1925605
1925234
1924871
1924020
1923742
1923071
1922836
1922346
1921584
1920749
1920177
1920148
1919879
1919609
1918716
1918131
1917217
1916915
1916501
1916014
1915889
1915749
1915115
1914548
1914014
1913868
1913431
1912776
1912468
1912230
1911903
1911035
1910416
1909565
1909438
1908606
1908388
1908055
1909778
1909725
1909589
1909548
1908579
1907923
1907604
1917908
1917149
1916907
1916036
1915284
1915057
1914990
1914628
1914544
1913888
1913792
1913265
1912739
1911835
1911004
1910024
1909049
1909026
1908941
1908437
1908301
1907355
1906687
1906143
1905777
1905540
1904611
2310056
2309569
2308939
2308703
2308539
2308420
2307780
2307753
2307265
2306540
2306118
2305507
2305017
2304160
2303745
2303409
2303220
2302379
2301471
2300516
2300159
2299372
2298905
2298036
2297941
2297831
2296908
2296845
2296314
2295501
2294960
2294752
2294738
2337868
2337112
2337038
2336357
2335984
2335104
2335003
2334832
2334716
2333898
2333384
2333210
2332418
2331556
2330906
2330455
2330123
2329432
2328737
2328079
2327975
2327897
2327408
2327157
2326247
2325488
2325155
2324721
2324607
2323894
2323055
2322656
2321937
2321790
2321202
2320701
2319933
2319190
2318630
2318053
2317318
2316955
2316054
2315346
2314589
2314282
2313718
2312923
2312310
2312052
2311224
2310951
2309957
2309595
2309452
2308469
2308031
2307766
2307334
2306496
2306114
2306061
2305261
2304413
2304021
2303495
2302804
2302222
2301645
2301389
2300993
2300479
2300160
2299730
2298881
2298021
2297057
2296799
2296033
2295977
2295950
2295483
2295071
2294676
2293808
2293769
2292805
2291898
2291124
2290619
2290502
2289975
2289351
2289346
2288846
2288527
2288293
2288254
2287302
2286457
2285584
2285248
2383751
2382812
2382105
2381734
2381429
2380973
2380325
2379642
2378741
2377954
2377544
2377358
2376540
2375962
2375146
2374387
2374182
2373673
2373494
2372564
2372100
2371786
2371371
2371233
2370682
2370308
2369638
2369388
2368521
2367975
2366977
2366000
2365179
2364860
2364112
2363299
2363195
2362820
2362720
2362694
2362396
2362167
2361932
2361222
2360354
2360089
2359725
2359383
2358841
2358280
2357385
2357292
2356942
2356575
2356252
2356087
2355896
2355080
2354623
2354500
2354375
2353834
2353059
2352064
2351969
2351633
2350878
2350706
2350363
2350175
2349314
2348764
2348204
2348052
2347656
2348213
2348072
2347958
2347622
2346884
2346376
2345461
2345046
2344563
2344506
2344381
2343630
2342964
2342792
2342573
2341983
2341342
2341269
2340986
2340208
2340157
2339472
2338974
2338782
2338011
2337592
2337032
2336209
2335350
2335331
2335217
2335049
2334593
2334041
2333433
2332597
2332360
2331596
2330795
2330201
2329215
2328461
2327754
2327401
2326540
2325556
2324559
2324090
2323914
2323629
2323202
2323092
2322423
496414
513375
512993
516730
516579
516376
516211
519016
518090
517374
518918
645050
644655
687497
687193
686953
686651
710796
710079
710983
710753
712684
712275
712047
723771
723245
722927
722399
784791
842805
842525
842255
841839
841744
841089
840659
840206
839681
839119
842995
842593
842263
841963
841778
841026
869792
869239
869044
868751
892469
892342
891714
890852
900118
899825
899105
898322
899455
899440
899105
1023133
1022782
1021881
1021074
1020094
1019299
1019261
1018480
1018213
1036077
1035694
1035347
1035295
1034324
1033625
1043933
1043368
1043064
1042317
1041557
1041042
1040638
1040329
1079346
1078726
1142750
1141767
1170775
1170695
1169956
1169339
1168562
1168394
1167523
1167450
1166707
1166569
1166273
1166069
1165273
1164701
1164564
1163858
1163343
1162767
1303145
1303128
1302815
1302285
1302196
1301327
1303483
1302929
1478429
1477638
1477398
1477301
1494781
1493949
1493145
1492639
1492226
1491975
1491745
1491095
1490233
1490182
1489651
1488967
1488903
1488592
1488350
1488060
1488016
1487850
1486956
1486442
1485833
1485359
1484682
1483897
1483026
1482592
1481854
1481490
1482654
1482181
1482117
1481613
1481584
1481549
1493283
1493103
1492474
1497028
1496063
1495997
1495956
1495356
1494971
1494082
1493405
1492911
1492275
1491436
1491077
1490903
1490681
1490344
1489484
1488690
1488441
1488354
1488323
1487776
1487723
1486836
1486143
1487876
1487571
1487430
1487357
1487227
1486828
1486525
1486237
1485535
1485438
1485252
1484813
1484184
1490277
1489886
1489611
1488822
1488717
1488482
1487974
1487831
1487820
1487102
1486837
1491060
1490567
1490343
1489550
1488880
1488440
1488046
1488031
1487541
1486963
1486029
1485512
1484925
1484892
1484066
1483559
1483023
1513273
1512936
1512261
1512048
1511900
1511124
1510380
1510217
1509794
1508859
1508837
1508817
1508641
1508071
1507077
1506128
1505602
1504835
1504738
1504316
1504016
1503733
1502920
1502296
1502243
1502000
1501828
1501374
1500669
1500212
1499511
1499177
1498729
1498117
1522475
1526333
1525846
1525328
1524734
1524398
1523956
1523054
1523048
1522120
1522071
1521881
1521864
1521223
1520348
1519917
1519807
1672027
1671784
1671102
1670944
1670468
1669968
1669916
1669013
1668342
1668260
1667603
1667351
1666593
1666207
1665611
1672474
1671596
1671577
1670736
1669847
1676018
1675404
1675308
1674844
1673994
1673546
1673181
1673279
1672756
1672479
1672292
1671438
1670665
1669913
1668955
1667993
1667461
1666584
1666318
1665701
1664730
1664297
1664200
1663907
1663852
1662889
1662625
1662606
1661791
1661110
1661012
1660962
1660962
1660039
1689827
1689796
1689241
1688509
1688445
1688234
1687379
1686628
1685851
1685502
1684918
1684407
1683575
1683230
1683039
1682855
1682758
1682688
1681916
1686589
1686381
1685888
1685204
1684590
1683964
1683326
1683185
1682417
1681886
1680966
1680964
1680186
1679247
1678487
1678073
1677475
1676523
1676035
1675810
1675729
1675211
1674961
1674212
1674010
1673074
1672424
1671626
1670879
1706399
1706132
1705356
1711392
1711053
1840314
1839431
1839029
1839013
1838897
1840695
1840639
1839937
1839701
1839575
1839488
1839411
1839372
1838683
1838627
1838436
1838055
1837476
1836724
1835920
1835501
1835285
1835266
1834968
1834546
1833724
1833634
1832772
1832669
1832641
1832424
1831597
1862253
1861522
1861513
1861280
1860498
1859888
1859601
1858638
1857870
1857356
1857308
1856543
1855985
1855629
1854716
1853912
1853418
1853019
1852929
1852476
1851949
1851102
1850206
1849250
1848775
1848207
1847358
1846359
1846160
1845476
1844776
1844198
1843304
1842676
1841827
1841410
1841248
1840745
1840744
1839818
1839161
1839016
1838308
1837904
1837000
1836720
1835771
1835352
1834830
1834009
1833435
1832718
1832038
1831406
1830633
1830582
1830517
1829806
1829806
1829078
1828751
1828370
1827788
1827229
1826328
1825944
1825521
1824534
1824157
1823484
1822659
1824348
1823877
1836409
1836148
1835211
1834423
1833697
1833133
1833120
1832366
1832359
1832011
1831224
1831173
1830240
1839560
1839392
1838543
1837825
1837522
1837421
1837147
1836209
1857715
1856719
1855936
1855002
1854290
1853320
1853059
1852167
1851463
1850645
1853417
1852866
1852538
1851928
1850931
1850583
1849625
1848657
1848603
1848446
1847606
1847191
1846257
1845388
1844816
1844010
1843552
1843220
1842896
1842751
1842405
1841823
1841751
1841495
1840982
1840796
1839816
1839141
1838603
1837956
1837025
1836050
1835671
1835368
1834602
1834055
1833248
1832457
1831602
1831234
1831051
1830684
1830057
1829869
1829814
1829104
1829001
1828481
1827899
1852814
1852756
1852729
1852620
1851685
1851145
1850615
1849986
1849407
1849235
1849098
1848975
1848377
1847736
1847034
1846434
1846353
1846081
1845556
1844757
1844372
1844174
1843761
1843247
1842520
1841941
1841703
1841448
1840460
1839975
1839517
1838588
1838120
1837199
1836560
1835985
1835762
1835212
1834915
1834839
1834526
1834458
1834234
1834143
1833679
1833670
1833121
1832804
1832283
1831675
1874863
1874699
1909779
1909101
1908320
1907735
1907118
1906916
1906048
1905140
1904612
2128249
2127706
2127249
2126780
2126322
2126236
2125471
2125402
2125025
2124960
2124832
2124228
2123403
2122549
2128037
2127293
2127266
2127040
2126554
2126383
2126352
2125406
2124440
2124325
2123404
2122672
2122363
2121552
2121527
2121185
2120303
2119343
2119252
2118526
2117853
2117561
2117102
2117097
2116517
2116171
2115978
2115191
2114740
2113760
2113551
2112969
2112776
2112343
2111697
2111108
2110359
2109656
2109288
2108882
2108093
2107786
2107138
2106875
2106204
2106024
2105674
2105364
2104959
2104503
2104204
2103692
2103341
2103329
2102365
2101453
2100659
2100448
2100395
2099680
2098889
2097964
2097616
2097582
2096667
2095712
2095483
2095169
2094963
2094962
2094472
2093942
2093825
2093543
2092829
2092769
2092026
2091348
2091257
2091211
2090581
2090195
2089644
2089424
2124349
2124101
2123996
2123484
2122486
2121998
2121669
2120677
2120489
2119611
2118670
2117866
2117003
2116815
2127752
2127050
2126900
2126457
2125825
2125438
2124877
2124675
2124342
2123566
2123204
2122563
2121786
2121660
2120666
2119988
2119049
2118438
2118134
2118048
2117386
2116989
2116429
2115687
2114836
2114442
2113947
2113287
2112327
2111514
2110571
2110217
2109656
2109432
2109206
2108464
2107810
2107107
2106284
2105787
2105712
2105656
2105052
2131695
2131204
2130674
2130372
2129485
2129170
2128389
2128324
2127661
2127487
2126829
2126721
2126201
2126187
2126136
2125418
2125064
2124128
2123301
2122746
2122605
2122514
2121575
2120654
2119935
2119126
2118192
2117203
2116492
2115962
2115313
2115252
2115136
2114501
2113597
2112735
2112700
2112200
2111361
2110827
2110777
2110087
2109769
2108942
2174478
2173950
2173920
2173108
2173105
2173014
2172482
2171751
2171211
2170236
2169741
2168828
2168287
2167750
2167216
2166412
2166387
2166351
2165896
2165554
2165322
2164557
2163895
2163264
2162984
2162484
2161666
2161255
2160442
2160184
2159322
2158987
2158877
2158312
2157725
2164454
2163991
2163116
2162403
2162245
2161256
2160578
2160562
2159604
2159153
2158806
2158774
2157893
2156998
2164535
2164219
2174152
2173687
2172867
2177823
2177339
2177320
2176396
2175965
2175659
2175197
2175043
2174963
2174565
2173943
2173022
2172282
2172275
2172163
2171954
2171482
2170773
2170084
2169140
2169562
2169344
2168543
2168244
2168158
2167969
2167387
2166573
2166429
2166084
2165355
2164428
2163450
2163072
2162609
2162074
2162000
2161280
2160780
2159945
2159189
2159026
2158081
2157168
2157072
2161693
2161422
2160930
2160776
2160413
2160400
2159474
2159141
2158811
2158045
2157747
2157119
2156332
2155633
2154953
2154881
2154544
2221444
2220516
2219564
2218756
2218088
2217882
2217596
2217226
2216321
2215869
2215752
2215425
2214920
2213991
2213890
2213141
2212603
2212568
2211809
2211230
2210649
2210304
2210228
2209478
2208561
2208345
2208111
2207981
2207412
2207266
2206596
2206052
2205523
2205455
2205229
2205125
2205095
2204574
2204007
2203481
2202837
2201987
2208781
2208414
2228958
2228486
2227586
2227538
2227017
2234992
2234572
2234009
2233379
2232648
2238472
2237719
2237592
2237054
2236061
2236023
2235244
2235061
496900
496553
496007
575267
575215
575086
574620
574360
573641
573705
573095
572541
711518
710871
710071
719267
719014
737907
737427
736994
736884
748963
841630
841467
840924
839949
839873
839718
839586
839584
839356
867358
866873
866507
866379
894832
894214
893738
893337
892545
892540
892250
891620
891607
934614
946517
946206
945732
945254
944895
944710
943900
943482
942643
942484
942790
942162
942021
941818
941558
940978
940959
940537
940500
939846
939346
938896
938619
938201
974704
974505
973942
983466
983268
982637
981952
981849
981162
980167
979501
978904
978865
978183
994260
993268
992872
992448
991954
991374
991078
997727
997432
997261
996967
996029
995087
994643
994097
993764
993428
992912
992315
992295
991567
991225
1027577
1027425
1026795
1025840
1025220
1024983
1024350
1024350
1023406
1022692
1022046
1025528
1024934
1024189
1023824
1039936
1073498
1073029
1072367
1071644
1071539
1070812
1070610
1069708
1119295
1118757
1118136
1118007
1117213
1127159
1126265
1125368
1169751
1169407
1169285
1168795
1168693
1167737
1167622
1166998
1166552
1166272
1166246
1165994
1165176
1164978
1164628
1164027
1163823
1163252
1162510
1162094
1161897
1160919
1160138
1160040
1159284
1158764
1343685
1343274
1343138
1342440
1341873
1341669
1341102
1357777
1356983
1356574
1356554
1356445
1356332
1355376
1354416
1353863
1353823
1353624
1353066
1353033
1352482
1352465
1351475
1350561
1350319
1350319
1349330
1348468
1347489
1347068
1346882
1345893
1345572
1345055
1344733
1344221
1343886
1343338
1342479
1341671
1341023
1340359
1339537
1343124
1342373
1342089
1341509
1341290
1340703
1361267
1361254
1360990
1360158
1359801
1359156
1358988
1358618
1357798
1357106
1356922
1356439
1355600
1354949
1363925
1363633
1362918
1362716
1361923
1361610
1361601
1361080
1360997
1360388
1359640
1359533
1359124
1543622
1543241
1542748
1542217
1541768
1540970
1540690
1539713
1539273
1538760
1538726
1538561
1538491
1537858
1537648
1536750
1536489
1536372
1535522
1534799
1534053
1533632
1532791
1532605
1531619
1531155
1530421
1530187
1529589
1529218
1529218
1528831
1528432
1527915
1527441
1526695
1526140
1525707
1525634
1524952
1524093
1523697
1522708
1521907
1521191
1520688
1520069
1519365
1518657
1552070
1551556
1551550
1550560
1549631
1548889
1548430
1547835
1547470
1546681
1551579
1551440
1550952
1550265
1549799
1549562
1549139
1548662
1547868
1547000
1546509
1545739
1545024
1544076
1543789
1542915
1542313
1541769
1540855
1540013
1539113
1539027
1538943
1538891
1537987
1537783
1537759
1537737
1537214
1537026
1536069
1535828
1535759
1534785
1535427
1535173
1534249
1534052
1533418
1533026
1532510
1531930
1531575
1530912
1530388
1529465
1529410
1529052
1528744
1528658
1530736
1530246
1529767
1553661
1574231
1573505
1572792
1572708
1572349
1572082
1575302
1574685
1574680
1574183
1573420
1572689
1572081
1571245
1571041
1570694
1569967
1569081
1578922
1577975
1577875
1577081
1576584
1576305
1576250
1580888
1580845
1580109
1579993
1579610
1578818
1578802
1577913
1577692
1577172
1577099
1576623
1575628
1575449
1574583
1573958
1573432
1573028
1572315
1572306
1572064
1595725
1598791
1598394
1597771
1597771
1597410
1596500
1596143
1595909
1595362
1595230
1594735
1594319
1593987
1593776
1593598
1593163
1592357
1591449
1590657
1616078
1615913
1614978
1614487
1613693
1613485
1613124
1612181
1611291
1610900
1610796
1610114
1610112
1609471
1609278
1608813
1608071
1607946
1607811
1607723
1607201
1607199
1607011
1606851
1635900
1635382
1634991
1634205
1633985
1633711
1633296
1632781
1631836
1631124
1642647
1642305
1641873
1641391
1640607
1657311
1656460
1656338
1655480
1654595
1654013
1653775
1652798
1652355
1652294
1651952
1651553
1650790
1650487
1650038
1649866
1649715
1649683
1649476
1649259
1648471
1648292
1647975
1647732
1647484
1646605
1645678
1645305
1645036
1644141
1643868
1642926
1641976
1641699
1641128
1640834
1640515
1640245
1639669
1639221
1639016
1638057
1637993
1637560
1637397
1636733
1636626
1636167
1635352
1634999
1634516
1634176
1634142
1633536
1632935
1632305
1631997
1631091
1630333
1629984
1629638
1628947
1628083
1627871
1626997
1626378
1626318
1626197
1625853
1625754
1624975
1624892
1624702
1624198
1623507
1623028
1622316
1621433
1621001
1620837
1620308
1620243
1619740
1619578
1619236
1618403
1617958
1617405
1617306
1616622
1615969
1615238
1614625
1613819
1613770
1613351
1613351
1613254
1612807
1612108
1611705
1611163
1610626
1610583
1609780
1609563
1609072
1608483
1608240
1608176
1608176
1607263
1606624
1606441
1605790
1605025
1604228
1603538
1602752
1602559
1601751
1601391
1600895
1600885
1600644
1599827
1598984
1598480
1597578
1597265
1597049
1596377
1595534
1595352
1595070
1595040
1594271
1594222
1593647
1593441
1593111
1592938
1592510
1591772
1591448
1591177
1590784
1590167
1589856
1589210
1589166
1588608
1587831
1587816
1587213
1587426
1586592
1585749
1594489
1593841
1593358
1592702
1592682
1592380
1592368
1591498
1591029
1590223
1589747
1589668
1589277
1588645
1587950
1586994
1586166
1585425
1584775
1584550
1583861
1583674
1585104
1584348
1583801
1582899
1582325
1581597
1581366
1580921
1580126
1579805
1579288
1578392
1578203
1577883
1577570
1577508
1576557
1576110
1575853
1575032
1574264
1573376
1573260
1572961
1636145
1635589
1634619
1633677
1632738
1632563
1632477
1631616
1631547
1631362
1630761
1630152
1629964
1629478
1629059
1628720
1628255
1628030
1627574
1626905
1626346
1625609
1625463
1624761
1624473
1624075
1623713
1623419
1622592
1621693
1621114
1620182
1619894
1619372
1641672
1641586
1640657
1640230
1639625
1638876
1638453
1638245
1637939
1637932
1637490
1637132
1636843
1636511
1636432
1635886
1635562
1634897
1634654
1634129
1633473
1633318
1633289
1632380
1632049
1631129
1630434
1630184
1629209
1628747
1627851
1627394
1626713
1625974
1625295
1624886
1624226
1624208
1623521
1622522
1622271
1622117
1621745
1621542
1621390
1620718
1620670
1620653
1620143
1619351
1618549
1618507
1617967
1617448
1617229
1617731
1617468
1617201
1616937
1615945
1615671
1615658
1615571
1615409
1614566
1614071
1613329
1613059
1612406
1612167
1612159
1611580
1610986
1610315
1609647
1608930
1608926
1608126
1607148
1606298
1606133
1605721
1605132
1604423
1604155
1603571
1603110
1603080
1644354
1643865
1643622
1643113
1642143
1641854
1641543
1641285
1640637
1640316
1639649
1639290
1638602
1638006
1637959
1637782
1637037
1636669
1636534
1635998
1635777
1635661
1635543
1645304
1644546
1644428
1644404
1643915
1643805
1642865
1641926
1641578
1640788
1640467
1639540
1638964
1638510
1637828
1640378
1640104
1639577
1639489
1638631
1638575
1638308
1637832
1637463
1637311
1636463
1636255
1636162
1797208
1796279
1795393
1795018
1794089
1793665
1793142
1793070
1792759
1791976
1791560
1791450
1791235
1791018
1790310
1789868
1789576
1789374
1793479
1793077
1792682
1792042
1791150
1790998
1790470
1790161
1789884
1789025
1788919
1788273
1788238
1787292
1787054
1786203
1785589
1785381
1785088
1784338
1783474
1783114
1782511
1781886
1781625
1781357
1781237
1780903
1780698
1845566
1849512
1848874
1848120
1847618
1847600
1846778
1846035
1845991
1845229
1845661
1845051
1844132
1843465
1843141
1842958
1842791
1842845
1842417
1843312
1842742
1842563
1842374
1842086
1841309
1841244
1841208
1840831
1840188
1840164
1840163
1839627
1838775
1838603
1838322
1838312
1838052
1837862
1837345
1836712
1835989
1835341
1835295
1834852
1834790
1833936
1833574
1833260
1833116
1832296
1832140
1832004
1831967
1831672
1831382
1830578
1830394
1830101
1829269
1870568
1869930
1869372
1868442
1868259
1867926
1867001
1866166
1865210
1864268
1863774
1863510
1862849
1862425
1861709
1861489
1861857
1861671
1860823
1860050
1859416
1859364
1859189
1858280
1857398
1857009
1856022
1855543
1854955
1854181
1853780
1852784
1851852
1851670
1851177
1851107
1850937
1850426
1849896
1849757
1849595
1849507
1849120
1848778
1848028
1910065
1909818
1909803
1909562
1909476
1908625
1908391
1908050
1907990
1907506
1906559
1906325
1906104
1905284
1904421
494616
494315
494412
493495
493370
505586
534243
533741
534155
659142
666247
684961
684844
684370
684313
690092
889649
889021
953867
953292
953213
952739
951975
951765
951669
951581
951430
951009
950506
949817
949291
948694
948265
948107
947454
946566
946546
946219
945986
945536
948255
947690
978243
977784
977378
988532
990610
990329
994170
993742
993388
992804
992003
991514
991133
990844
990358
989854
1020427
1020081
1019231
1018940
1018464
1018390
1017403
1017389
1016968
1016059
1015527
1014647
1014521
1090941
1090117
1089643
1088945
1088384
1087509
1086904
1086456
1085996
1085021
1084201
1083963
1083930
1083057
1082199
1082100
1081254
1080879
1080689
1080588
1079808
1079685
1078944
1079695
1079102
1106678
1106193
1105715
1104827
1104627
1104386
1104359
1103765
1102959
1102845
1102826
1102165
1101675
1101604
1112147
1112022
1111507
1111359
1110814
1110331
1109837
1109130
1109104
1108298
1107423
1107198
1106378
1106267
1105320
1105110
1104739
1104116
1104089
1103723
1137705
1137129
1136204
1135619
1135559
1135501
1135156
1136490
1136380
1139077
1138304
1138244
1210146
1209787
1313264
1313013
1312515
1312194
1317730
1316874
1316106
1315186
1314390
1313442
1313296
1312796
1311878
1311834
1311338
1310429
1309882
1309327
1308380
1307434
1306510
1309230
1308960
1308872
1307967
1307665
1307573
1307428
1306977
1306757
1306733
1306614
1305801
1304998
1308815
1307827
1307511
1307225
1306281
1305627
1304945
1314013
1313666
1312901
1312627
1312461
1311923
1311813
1311736
1311583
1310944
1310517
1309599
1309229
1308902
1308769
1308496
1308180
1308084
1307438
1306678
1306161
1306976
1318917
1318493
1318489
1323106
1322211
1321856
1321428
1320778
1320645
1320562
1320108
1319217
1319011
1318362
1318036
1317217
1317024
1316852
1316568
1329624
1329282
1328702
1328274
1328163
1327209
1326993
1326001
1325534
1324588
1323941
1322960
1322713
1321788
1321309
1320504
1366644
1366159
1365945
1365773
1365414
1364840
1364685
1364414
1364142
1364073
1363923
1363117
1363015
1362767
1362067
1362067
1362045
1442098
1441136
1441094
1440764
1440173
1440129
1439618
1438729
1441322
1440620
1476458
1476200
1475683
1475166
1475040
1474914
1474581
1522996
1522483
1521561
1520805
1520276
1519289
1523713
1523198
1522541
1521909
1521342
1521131
1520531
1520380
1519792
1519175
1518847
1518488
1517864
1517569
1516662
1516171
1515247
1514840
1514602
1514319
1518523
1518011
1517690
1517550
1516915
1516731
1515846
1515501
1518666
1517825
1517496
1517353
1516639
1517218
1516677
1516089
1515686
1515197
1514751
1514624
1514072
1513856
1513708
1652467
1651807
1651340
1651292
1793768
1792826
1791842
1791315
1790593
1789761
1788932
1788231
1787823
1818668
1818543
1817989
1817180
1816516
1815852
1815461
1815264
1814806
1814428
1814410
1814254
1813668
1813468
1813221
1812428
1811826
1811092
1811036
1810987
1810356
1809360
1809073
1808766
1807849
1807496
1806754
1805922
1805411
1804782
1804282
2014356
2013376
2013144
2012641
2012350
2011889
2011082
2010876
2010043
2009415
2009121
2008205
2007557
2007492
2007317
2009551
2009094
2008992
2008824
2008799
2008623
2008028
2007408
2007250
2007083
2006385
2006117
2005998
2005412
2005213
2004445
2003795
2003732
2003131
2002949
2002426
2002272
2001623
2000838
2004636
2003783
2003037
2002434
2001931
2000933
2000196
1999556
1999011
1998258
1997827
2002424
2001667
2001264
2000645
2000240
1999638
1999198
1998781
1998138
1997944
1997588
1996786
1996730
1995871
1995162
1994833
2004344
2003711
2002956
2002124
2002008
2001343
2000524
1999559
1999358
1998665
1998216
1998123
1997728
1997184
1996794
1996784
1996760
1995996
1995398
1994442
1993503
1993033
1992287
1991914
1991289
1991253
1990998
1990050
1989992
1989385
1988483
1987654
1986757
1986473
1987082
1986239
1985830
1985209
1984917
1984756
1984097
1983546
1983433
1983311
1982731
1982433
1981662
1981347
1981846
1981298
1981187
1980701
1980496
1979801
1979726
2002821
2003409
2002648
2002416
2002071
2001131
2000873
2000502
2000251
1999929
1999072
1998373
1998182
1997905
1997012
1996844
1996082
1995223
1994513
1994313
1993832
1993513
1992627
1997986
1997165
1997005
1996420
1995823
1995705
1995232
1995215
1994507
1994267
1994143
1993510
1993187
1992451
1992147
1991989
1991113
1990116
1989294
1989001
1988871
1988058
1987750
1987628
1987371
1987090
1986605
1986475
1985773
1985386
1984599
1983975
1989487
1988606
2011859
2011565
2011482
2010794
2010197
2009672
2009543
2008616
2007671
2006737
2006181
2005213
2004238
2003771
2003283
2002685
2001694
2001229
2000515
1999656
1998887
1998468
1997831
1997715
1996772
1996515
1996354
1996207
1995918
1995068
1994653
1994389
1993807
1993196
1992881
2046464
2046404
2045592
2045465
2045197
2044241
2044229
2043503
2042671
2041932
2041356
2040691
2040112
2039822
2039678
2039271
2038913
2038331
2038314
2037996
2037544
2037229
2036385
2035441
2035246
2035167
2034553
2033885
2032902
2032605
2031666
2030700
2030681
2029993
2029305
2029172
2028593
2028488
2027500
2027423
2027357
2026768
2026745
2026247
2026098
2025860
2025357
2024946
2024367
2023580
2023258
2022901
2022800
2022718
2022664
2022362
2021740
2021314
2020882
2019920
2019068
2019007
2018259
2017668
2017107
2016884
2016185
2015625
2015197
2014263
2014180
2013314
2012656
2012213
2011264
2011246
2010338
2009658
2009379
2009342
2009110
2008238
2008191
2008141
2007780
2007247
2006829
2006646
2006242
2005640
2005624
2005470
2005097
2004923
2004891
2004604
2004373
2004176
2003858
2003359
2002847
2001941
2001635
2001121
2000695
1999934
1999112
1998942
1998754
1998121
1998463
1997614
2001340
2000840
2000414
2000349
1999492
1998567
1998310
1997810
1997753
1997591
2008491
2007957
2007711
2007023
2007001
2006316
2006145
2005734
2005658
2005092
2027043
2048837
2048735
2047892
2047819
2047510
2047470
2047013
2046263
2045662
2044962
2044845
2043998
2043103
2042575
2041848
2040912
2040417
2039937
2039432
2038674
2038330
2038153
2037619
2036678
2035684
2034956
2034589
2034347
2033876
2033273
2032316
2032106
2031219
2030750
2029924
2029753
2029455
2029403
2028575
2028079
2027760
2027630
2027123
2026274
2025833
2025748
2025581
2025134
2024908
2024705
2024465
2024397
2023653
2023030
2022139
2021622
2021220
2020720
2020082
2019831
2019420
2018805
2018610
2018547
2018151
2018124
2018124
2017740
2018765
2017860
2017742
2066018
2065197
2064421
2063808
2064063
2063968
2063534
2063078
2062265
2061412
2060801
2060528
2060327
2060257
2059676
2058741
2058734
2058475
2057935
2057390
2057388
2056569
2056518
2055742
2055171
2054956
2054244
2054072
2053699
2053235
2052915
2052894
2052267
2051282
2051063
2050194
2049351
2048849
2048823
2048394
2047883
2046903
2045988
2045456
2045109
2045036
2044740
2044597
2043914
2043651
2046956
2046147
2045614
2045106
2044401
2044337
2043950
2043047
2042215
2041588
2041529
2041152
2054381
2053859
2053542
2052705
2052636
2052459
2051958
2051628
2050654
2049905
2049655
2048882
2048692
2047911
2047840
2047188
2046288
2046104
2045578
2045043
2044965
2044703
2044260
2043526
2043330
2043326
2043319
2042524
2041967
2041510
2040725
2039744
2039591
2038832
2038543
2037733
2037245
2037080
2036530
2329022
2328708
2328592
2327883
2327017
2326221
2325357
2325357
2325141
2324800
2324573
2324076
2323738
2323141
2322255
2321764
2321759
2320774
2320468
2319989
2319113
2318151
2317659
2317033
2316612
2316369
2315381
2315221
2314895
2314450
2313963
2313919
2312998
2312833
2312092
2311975
2311726
2311203
2310739
2310252
2310141
2309732
2309669
2308838
2308382
2321792
2321281
2320484
2328296
2327586
2327183
2326749
2326135
2325366
2325238
2324249
2323813
2323558
2323475
2323052
2322356
2322035
2321430
2320954
2320477
2319892
2319683
2318881
2318182
2317278
2317261
2316273
2315965
2315321
2315140
2314278
2313947
2313743
2312967
2312263
2312244
2311719
2311063
2310411
2309621
2309605
2308687
2308367
2307838
2307249
2306265
2305371
2304664
2304382
2303912
2303820
2303320
2302370
2301890
2301529
2301085
2300673
2300317
2299667
2298681
2298073
2297383
2296689
2295891
2295763
2295275
2294570
2294361
486748
486052
490035
551069
597019
596901
1065251
1064543
1064456
1064364
1063966
1063386
1063198
1181004
1180252
1179944
1179459
1178998
1178500
1178297
1178272
1177915
1177519
1205608
1204818
1204572
1203872
1202888
1201980
1201792
1200992
1199995
1199325
1198487
1198181
1197314
1197217
1196926
1196037
1195719
1195209
1194381
1193511
1193445
1192687
1192591
1192561
1191927
1222844
1222398
1236957
1236282
1236114
1235875
1235533
1235289
1235074
1234745
1234552
1233654
1233136
1232546
1232029
1231702
1231053
1231053
1230434
1258777
1258366
1257716
1256886
1257888
1257014
1256795
1256645
1255890
1255782
1255216
1255100
1254287
1253705
1253120
1252974
1252838
1252100
1251819
1251148
1250720
1250587
1250580
1250125
1249277
1249165
1248230
1247477
1247164
1251026
1250502
1250398
1250021
1249881
1249077
1248693
1247739
1247073
1246125
1245694
1245599
1245246
1244539
1243786
1244011
1243085
1242482
1241877
1241538
1241178
1240421
1239943
1239586
1239367
1238919
1238490
1237518
1237234
1236646
1235777
1235582
1235150
1234402
1233602
1233583
1233278
1232781
1232300
1231586
1231243
1230784
1229925
1229623
1229507
1228984
1228984
1228198
1227623
1227165
1226654
1225682
1224687
1224162
1223326
1222603
1222335
1221762
1221722
1220822
1219911
1219727
1219594
1218858
1218313
1217575
1217302
1216793
1216747
1216522
1216384
1216133
1215207
1214340
1213623
1213183
1212725
1212301
1211336
1210926
1210757
1210055
1209690
1209219
1208720
1208681
1208003
1207841
1207585
1206817
1206501
1206120
1205985
1205866
1205095
1204656
1204011
1203622
1203362
1202509
1313564
1312965
1312778
1312111
1311237
1310756
1310246
1309291
1309094
1308354
1307398
1307248
1306670
1305674
1305051
1326563
1326248
1325675
1325523
1325321
1325120
1324906
1324086
1332054
1331979
1331800
1330802
1330271
1330117
1329486
1329136
1328705
1327873
1327069
1326867
1326309
1326218
1325625
1325091
1324328
1324088
1323362
1322766
1321911
1321022
1320668
1320301
1319796
1319616
1319278
1319117
1318296
1318222
1317828
1320070
1319508
1318858
1318010
1317808
1317114
1316642
1315736
1315408
1315114
1314546
1314187
1313448
1313327
1312696
1312579
1312466
1312092
1311201
1310984
1310107
1309730
1308769
1307995
1307016
1306146
1305846
1305010
1304589
1304258
1304073
1303736
1303138
1302174
1301294
1300430
1299610
1298883
1298102
1432342
1432044
1431944
1431610
1431005
1430958
1430378
1429644
1429396
1429272
1428780
1428227
1427449
1427307
1427152
1426343
1425931
1425322
1424526
1423806
1442642
1442436
1441517
1441040
1440623
1440382
1440262
1440081
1447420
1447360
1446978
1446388
1445860
1445075
1444770
1444677
1444295
1443300
1443123
1442636
1442071
1441175
1440854
1440645
1439947
1439735
1439395
1438703
1438313
1437929
1437016
1436492
1436457
1435887
1435821
1434915
1434872
1434307
1433358
1433083
1432327
1431749
1431394
1431222
1430698
1429976
1429304
1428616
1428134
1427740
1427519
1426778
1425943
1425279
1425115
1424234
1423500
1423449
1423334
1422554
1422546
1421584
1421498
1420942
1420900
1420404
1420038
1419326
1418938
1418027
1435140
1434769
1434252
1433566
1433561
1433524
1432705
1432444
1432401
1432369
1432289
1432227
1432113
1432072
1432023
1431149
1430597
1430312
1430210
1429385
1428732
1428031
1427462
1426549
1426249
1425298
1424361
1424122
1423821
1423614
1423613
1423165
1463931
1463499
1462736
1462488
1461558
1461347
1460961
1460074
1459673
1459551
1459036
1458881
1457971
1457291
1456331
1455856
1455651
1455421
1455021
1454650
1453990
1453213
1452258
1451909
1451484
1451348
1450615
1449774
1531701
1531241
1530868
1530136
1529758
1529355
1528625
1527782
1527079
1526829
1526225
1525351
1524414
1524053
1523825
1523546
1523116
1522555
1522398
1522145
1521834
1521561
1521363
1521244
1520452
1519831
1519453
1591050
1590439
1590391
1590278
1590085
1589955
1589947
1589915
1589261
1588837
1588607
1588211
1587421
1586738
1585844
1585811
1585093
1584933
1584506
1583935
1583849
1582889
1582513
1582054
1583715
1582845
1582710
1582681
1582035
1582005
1581468
1581461
1581426
1581249
1580625
1581269
1582485
1581770
1580902
1580416
1579650
1579492
1579255
1588720
1588672
1588492
1588017
1587942
1587926
1587437
1587143
1586432
1585675
1585248
1585177
1584865
1583978
1582998
1582661
1582259
1581970
1581616
1581391
1580757
1580300
1579741
1579672
1579174
1578645
1590372
1590266
1590057
1589509
1589047
1588700
1588204
1587755
1586999
1586718
1586123
1586016
1585202
1585025
1584432
1583919
1583795
1583652
1583573
1583379
1583056
1582540
1582288
1581939
1581019
1580801
1580727
1580658
1580656
1580656
1580436
1579602
1579588
1579575
1579263
1578528
1625305
1624651
1624127
1623460
1623259
1758336
1764190
1763230
1762575
1761992
1761344
1761139
1760722
1760516
1760192
1759723
1759092
1758174
1757833
1757657
1757615
1756999
1756308
1756013
1755116
1754337
1753364
1753119
1752525
1752027
1751498
1751256
1750472
1750026
1749936
1749693
1749051
1748131
1747623
1747178
1746377
1745776
1744967
1744307
1744130
1743150
1742742
1742173
1741936
1741249
1740952
1758148
1757792
1757488
1756733
1755763
1755424
1754486
1753949
1753559
1753428
1753396
1752961
1752050
1751419
1751040
1750850
1750072
1749585
1749449
1749106
1748279
1747976
1747678
1747669
1747357
1747165
1746491
1746383
1746235
1745628
1744979
1744220
1744149
1744064
1743523
1742929
1742715
1742518
1742332
1742129
1741330
1740793
1739894
1739199
1738413
1738356
1737924
1737511
1736798
1736277
1735896
1735653
1735289
1735005
1734941
1734034
1733395
1732712
1732634
1732350
1732276
1731680
1731579
1732015
1731146
1730968
1730871
1730048
1729163
1728993
1728390
1728021
1727228
1726918
1758029
1757532
1756794
1756186
1755990
1761933
1761820
1761102
1760909
1760305
1759886
1759687
1759024
1758100
1757910
1757731
1757532
1757459
1756679
1755817
1889603
1889529
1889005
1888135
1887872
1886875
1886028
2071118
2070390
2069691
2069229
2068267
2067843
2066913
2066277
2066203
2065979
2065673
2064903
2064547
2064129
2063418
2064052
2063219
2062996
2062869
2062324
2062255
2061500
2061033
2060817
2060802
2060207
2059792
2059397
2059287
2058547
2057684
2057309
2057846
2057211
2056981
2056885
2056243
2055526
2055403
2054683
2054656
2054302
2054208
2054173
2054129
2054066
2053988
2053123
2052688
2052409
2051969
2051938
2051691
2050795
2050231
2049691
2049094
2074206
2074059
2073399
2072892
2072308
2071849
2070962
2070571
2069631
2069094
2068244
2067260
2066314
2066202
2065612
2065029
2064549
2130561
2130406
2130034
2129761
2129246
2128973
2128601
2127864
2126954
2126798
2126046
2125914
2125372
2125208
2125037
2124095
2123523
2123501
2123301
2122773
2122682
2122520
2122033
2121034
2120348
2119819
2119372
2118652
2117923
2116969
2116460
2115637
2114700
2114292
2114197
2113976
2113318
2112532
2111677
2110840
2110359
2109904
2109577
2108699
2108095
2107172
2106234
2105992
2105048
2104496
2104071
2103704
2103632
2102857
2102801
2102797
2101802
2183786
2182855
2182366
2182234
2181584
2181436
2180460
2180133
2179940
2179646
2178872
2177971
2177958
2177601
2176942
2176369
2176295
2175886
2175324
2175134
2175102
2174892
2173930
2173878
2172976
2172439
2171859
2171794
2171733
2171625
2171202
2170574
2170009
2169128
2168928
2168053
2167235
2166828
2166716
2166227
2165565
2164577
2166098
2165822
2164839
2164142
2163215
2162770
2162089
2161641
2161341
2160747
2160169
2159180
2159063
2159015
2158375
2213047
2212531
2211752
2210884
2210076
2209960
2209407
2209005
2208620
2207789
2207284
2206586
2205914
2205275
2204734
2203894
2203387
2202607
2201888
2200914
2200265
2199352
2198724
2198544
2197789
2197439
2197085
2196302
2195907
2195593
2195399
2194956
2194023
2193730
2193613
2192794
2192314
2192221
2191339
2190439
2190108
2189769
2189197
2188394
2188339
2187532
2186894
2186370
2186138
2186037
2185470
2184793
2184728
2183735
2183385
2182796
2181863
2181273
2180952
2180373
2180253
2179611
2179413
2178535
2177934
2177599
2199922
2198995
2198540
2198047
2197193
2197192
2196415
2196128
2195674
2195522
2195149
2195106
2194423
2193794
2193173
2197667
2197266
2196484
2196305
2195353
2195333
2195270
2194914
503578
688780
688557
688525
688141
687691
690306
696636
698946
715330
715243
714999
714007
713655
713228
736572
736426
754608
754467
754034
916227
915956
915179
915087
914863
914021
913312
913152
912610
911939
911061
911035
910921
910678
910581
909936
909806
909064
908848
908309
907981
913183
912780
911977
924519
924333
924274
923542
923221
1066329
1065463
1065326
1065070
1064225
1064214
1063320
1063152
1105109
1124347
1123911
1123799
1123682
1123517
1123461
1156410
1198661
1239097
1238604
1238288
1237473
1237453
1237147
1236567
1236359
1236158
1235901
1235549
1235516
1236255
1235346
1235308
1234811
1234234
1233428
1233123
1232940
1232024
1231594
1261494
1260881
1259908
1259765
1259730
1258845
1258571
1258203
1257998
1257474
1257161
1256654
1287243
1286245
1285881
1285440
1340677
1339900
1339464
1338932
1338350
1337543
1336883
1338154
1338103
1338021
1338019
1337594
1337101
1336790
1336514
1335664
1335437
1334885
1334175
1333838
1333499
1332807
1332585
1332159
1331359
1330847
1330520
1329623
1328985
1328584
1328352
1327992
1327204
1326369
1326053
1325141
1325136
1324689
1324137
1323262
1322825
1321917
1321615
1321361
1320797
1320025
1319927
1319644
1319634
1318636
1317890
1317230
1317194
1316690
1315806
1315007
1314161
1313874
1312942
1312932
1312248
1311577
1311268
1310649
1310424
1310027
1309196
1308331
1307526
1307202
1307104
1306492
1305844
1305639
1305007
1304068
1303295
1303274
1303066
1302738
1302511
1302257
1301626
1301313
1300542
1300074
1299124
1299933
1299021
1298493
1298295
1297918
1297626
1296764
1296256
1296003
1295306
1294789
1294610
1294448
1293453
1292793
1301502
1301386
1304787
1303860
1303271
1302599
1301956
1301045
1300699
1416929
1416755
1416453
1415948
1415389
1415035
1414481
1414243
1414068
1416570
1415666
1414909
1453301
1452743
1455732
1455284
1454361
1453536
1452570
1452251
1452060
1451732
1450907
1450819
1450769
1450234
1449639
1449537
1448828
1448486
1448106
1447425
1447275
1446476
1445989
1445313
1444606
1444220
1443523
1443149
1442730
1442373
1441484
1440886
1440213
1439943
1439607
1478716
1478354
1477752
1477743
1490990
1490461
1490440
1490331
1494071
1493777
1492944
1492200
1491333
1490766
1490522
1489959
1489433
1488619
1490682
1490485
1490067
1489228
1489147
1488388
1487501
1546486
1545515
1544907
1544451
1543721
1543622
1543489
1543045
1542984
1542177
1541848
1540890
1540324
1539791
1539509
1538800
1538650
1538513
1537917
1537609
1537552
1537498
1537328
1537051
1536430
1535498
1534503
1533904
1533498
1533072
1532791
1532136
1531994
1531276
1530480
1529536
1529249
1528785
1528667
1527749
1526775
1526094
1525987
1525716
1525357
1524866
1524352
1524276
1524403
1523613
1523151
1522260
1521474
1520794
1520603
1520546
1519836
1519232
1521510
1520862
1520191
1520098
1519637
1519056
1518446
1518111
1517267
1516820
1516536
1515775
1515115
1514296
1513795
1512917
1513205
1512843
1512494
1513234
1512636
1511969
1511031
1510243
1510205
1510043
1509538
1509090
1521351
1520609
1521966
1521201
1520490
1519893
1519195
1518718
1518618
1518008
1517524
1517059
1533580
1532616
1531681
1531069
1530849
1530559
1530087
1529961
1529401
1528563
1528460
1527478
1527157
1526325
1530008
1529877
1529270
1531645
1530746
1529880
1529111
1528510
1528254
1527845
1527802
1527092
1526717
1526089
1525785
1525202
1524382
1524320
1523623
1523604
1522985
1522255
1521394
1520940
1520042
1519127
1518864
1518333
1517385
1516947
1516499
1515897
1515580
1515251
1515673
1515657
1515600
1515204
1515066
1514887
1513973
1513662
1513580
1521443
1521430
1520997
1520429
1520208
1520208
1519399
1519315
1519097
1518814
1518308
1517878
1517111
1516796
1516138
1516055
1526194
1525768
1525377
1525231
1524850
1523988
1523779
1523734
1522795
1522697
1522010
1521654
1520873
1519927
1519808
1519500
1518579
1518115
1517934
1517053
1517445
1517257
1516835
1516503
1515729
1515366
1515183
1514595
1529598
1528698
1528504
1528024
1527535
1527107
1526590
1526122
1525285
1525274
1525241
1524621
1523721
1522920
1522876
1522785
1522732
1522711
1522625
1521755
1521227
1539890
1539016
1538284
1537391
1537103
1536635
1552658
1551720
1551517
1551358
1551275
1568764
1568606
1568032
1567216
1566548
1566073
1565493
1565365
1565131
1564530
1563775
1563443
1562638
1561894
1561596
1560882
1559977
1559887
1559085
1558948
1558014
1557206
1556574
1555750
1555607
1554964
1553969
1553369
1561022
1560469
1560281
1560264
1559650
1978707
1978683
1991826
1991387
1991180
1990467
2045361
2044839
2044388
2044204
2043416
2042464
2041721
2040967
2040575
2039622
2046722
2045869
2045438
2045416
2044707
2043888
2042912
2042090
2041272
2041654
2041303
2040774
2040686
2040068
2039436
2039096
2038998
2038881
2038212
2037378
2037069
2036325
2035791
2034964
2034961
2034289
2034256
2033515
2033375
2033312
2033309
2032894
2032772
2031881
2031121
2031120
2031082
2031060
2030265
2030221
2030070
2029497
2029092
2028787
2027858
2026884
2026879
2026769
2026001
2025238
2025003
2024383
2024048
2061192
2060905
2060152
2059248
2058357
2058295
2057781
2057754
2057186
2056855
2056002
2055426
2054932
2053998
2053572
2053423
2052810
2052398
2052270
2051400
2050682
2049712
2048720
2047787
2047592
2047115
2046397
2046084
2045272
2044747
2044105
2043601
2043584
2043007
2042184
2041633
2041107
2040333
2039434
2039064
2039012
2038398
2055693
2055162
2055022
2054691
2054194
2053832
2053610
2053358
2052797
2051917
2051030
2050962
2050828
2050743
2050467
2049542
2049446
2049324
2049110
2048183
2047525
2046939
2046604
2046525
2045748
2045293
2044720
2044380
2121079
2120659
2120211
2119876
2119269
2119013
2118692
2118602
2118244
2117925
2117899
2117872
2118085
2117139
2116563
2116039
2115859
2115843
2115755
2115667
2114862
2114260
2114162
2113637
2113041
2112885
2112770
2112435
2111526
2110678
2109836
2109073
2108858
2108445
2107580
2106611
2106590
2106543
2105859
2105290
2104620
2103643
2103047
2102554
2101645
2101078
2100653
2100068
2099450
2098905
2098857
2098339
2097427
2096833
2095975
2095860
2095315
2094678
2093881
2093497
2092532
2091800
2091162
2090752
2089895
2089690
2089684
2088781
2088577
2087908
2087903
2087517
2086758
2086513
2085847
2085825
2085572
2085274
2084722
2084480
2084248
2083343
2082447
2082430
2082137
2081493
2081045
2080353
2080344
2080056
2079784
2078794
2078281
2077887
2077128
2077112
2076938
2076602
2075997
2075095
2074625
2073753
2073450
2073384
2072657
2071992
2071366
2071230
2070865
2070453
2069601
2069503
2068566
2067832
2067075
2066392
2065559
2064608
2064036
2063976
2063060
2062702
2062525
2062499
2062200
2061881
2061024
2060940
2060529
2059571
2058622
2058282
2057515
2056833
2056517
2055699
2055008
2054658
2059532
2059218
2058929
2058307
2057895
2057337
2056600
2055807
2055063
2054542
2054228
2053852
2053244
2052704
2051889
2051762
2051608
2050748
2050448
2050346
2049974
2048983
2048654
2047719
2047281
2051168
2051102
2050249
2051452
2051414
2050809
2050283
2049511
2049247
2049223
2048823
2048163
2047926
2047557
2047424
2047068
2046974
2046812
2046566
2045617
2045056
2044997
2044402
2043928
2043154
2042766
2042666
2042202
2041685
2041608
2041045
2040797
2040349
2039804
2038870
2038597
2038579
2038329
2037681
2036868
2036392
2036238
2035896
2035506
2034949
2034875
2034651
2034507
2034312
2034226
2033378
2033312
2032485
2032040
2031347
2030789
2030358
2029699
2029253
2028350
2027521
2027254
2030888
2030259
2029678
2029217
2028509
2027897
2027683
2027623
2027197
2026272
2025327
2070959
2070173
2069814
2069670
2069079
2068792
2068574
2068056
2086821
2086670
2085922
2085572
2085333
2084497
2084497
2083544
2083306
2082466
2081670
2081188
2080247
2079803
2079516
2078708
2077866
2077822
2077710
2077124
2077003
2076803
2075886
2075222
2074784
2074095
2073232
2072246
2071922
2071650
2071158
2070468
2069884
2069227
2068240
2067631
2067452
2067178
2066755
2066000
2065601
2065168
2073621
2073331
2073011
2072639
2071942
2071066
2070979
2070404
2071043
2070808
2070665
2070074
2069353
2068516
2068269
2067963
2067595
2067327
2066516
2065645
2065135
2064629
2063922
2063541
489815
495586
496696
495921
495894
495740
516188
597820
597677
707289
706851
706440
705799
708888
828497
827880
888179
888165
933223
932702
932033
932031
931811
953068
952559
951835
951823
952052
952051
957191
956407
956232
955457
955186
1071929
1071187
1071056
1070916
1070358
1071448
1071345
1086574
1085986
1085865
1085274
1155441
1242362
1241614
1241085
1240722
1240072
1239694
1238940
1238146
1237962
1237417
1236796
1235889
1243343
1243163
1242368
1241988
1241821
1241108
1240235
1239401
1238757
1238757
1238344
1238334
1237667
1236981
1236190
1235961
1235711
1235643
1235449
1234657
1234578
1234031
1233284
1232714
1232503
1231646
1230893
1230243
1229706
1228950
1228914
1228349
1227792
1227157
1226745
1226085
1225991
1225227
1225214
1224277
1227105
1226204
1257837
1256947
1256891
1256006
1255608
1255136
1254655
1254312
1254268
1291316
1297650
1297615
1297034
1296133
1298648
1297994
1297487
1296604
1295761
1295601
1354851
1354483
1354336
1353850
1353140
1352591
1351941
1351408
1351275
1358728
1358278
1357318
1357149
1356872
1355924
1355349
1354428
1354240
1354091
1353133
1352471
1351516
1351212
1350665
1349771
1349274
1348765
1347910
1347163
1346593
1346158
1345547
1345193
1345064
1344783
1344517
1343757
1343199
1343177
1342930
1342539
1342172
1341985
1341915
1341117
1340743
1339953
1338985
1338369
1337574
1337315
1337262
1336498
1335548
1335056
1499395
1498783
1498276
1498052
1497984
1497925
1497212
1496506
1496439
1496021
1495304
1494352
1493949
1493425
1493290
1493205
1492644
1493307
1492929
1492598
1492281
1492255
1492250
1491638
1491425
1490666
1490090
1489497
1488601
1488388
1487779
1486881
1486139
1485153
1484451
1484192
1483899
1483865
1483087
1482769
1482587
1482539
1481926
1481315
1481104
1480498
1480260
1479853
1479061
1478395
1477542
1477525
1476533
1476140
1475560
1475091
1474275
1473923
1473603
1473052
1472853
1472435
1472257
1471271
1471224
1471163
1471127
1470956
1470112
1469995
1469199
1468485
1467830
1467436
1466545
1465743
1464838
1464760
1464426
1463519
1462998
1462751
1462277
1463334
1463000
1462761
1462512
1462301
1461643
1483791
1487680
1487640
1487528
1486831
1485906
1485593
1484811
1484227
1483607
1483238
1482364
1481661
1481447
1481438
1481327
1481066
1480222
1485499
1484693
1484190
1483417
1482447
1482143
1481508
1481495
1481094
1480613
1479861
1479395
1479159
1478446
1478192
1477632
1476794
1476115
1475586
1474937
1474214
1473749
1472756
1472267
1471516
1471051
1470699
1469985
1469596
1469349
1468698
1467883
1467016
1466207
1465547
1464556
1464518
1463757
1463645
1463624
1463250
1462718
1462239
1461522
1461136
1460948
1460399
1460391
1459405
1458806
1458754
1458329
1457519
1457014
1456538
1455872
1455486
1454977
1454416
1453529
1452927
1452189
1451366
1450945
1450351
1449468
1448767
1448375
1447763
1447529
1446720
1446234
1445515
1445231
1445088
1444259
1443636
1443418
1471879
1471478
1470642
1469893
1469781
1468854
1468296
1467425
1466865
1466774
1466103
1472551
1471657
1471364
1470378
1469449
1468942
1468366
1467507
1467297
1575887
1575348
1574434
1574125
1659367
1659230
1658248
1657446
1657435
1656753
1656081
1655274
1654653
1654527
1654004
1653663
1652769
1652733
1652643
1651683
1651364
1650897
1650066
1649171
1648223
1647581
1647469
1647034
1646820
1646497
1646150
1645949
1645200
1644919
1644794
1644010
1643300
1642819
1642753
1641951
1641767
1641691
1641072
1640963
1708457
1708444
1707763
1707439
1706732
1706473
1705831
1705682
1705174
1704600
1705134
1704836
1704424
1704022
1703791
1703652
1703418
1703393
1702492
1701827
1701013
1700630
1700282
1699379
1699351
1699089
1698861
1698316
1697373
1697023
1696802
1696279
1696061
1695452
1696623
1696317
1695832
1695219
1694678
1693890
1692924
1692451
1691561
1691786
1691586
1691362
1690649
1690380
1690041
1689792
1689591
1688895
1689273
1688731
1701425
1700598
1699755
1698988
1698447
1698441
1697973
1697363
1696629
1696229
1695802
1695687
1694976
1694756
1694201
1693965
1693246
1692957
1692765
1692379
1692313
1691885
1691302
1690495
1689561
1689133
1688391
1687724
1687651
1687160
1686369
1685785
1685300
1684501
1683693
1682903
1682642
1681736
1681548
1680955
1680678
1680572
1680275
1680017
1679562
1678568
1678337
1677589
1677367
1677279
1676450
1676244
1675737
1675297
1705814
1704961
1704606
1704136
1704108
1704075
1703713
1703479
1702619
1702095
1714227
1731629
1730846
1730048
1729892
1729198
1728609
1728410
1727992
1727674
1727161
1726535
1725621
1725177
1724240
1724133
1723333
1723194
1722315
1721663
1721451
1720761
1719924
1719816
1719527
1719426
1718585
1718469
1717539
1717317
1716413
1715874
1715716
1714727
1714424
1713841
1713385
1712391
1718617
1717779
1717433
1716667
1716484
1715877
1715193
1714920
1714269
1714138
1713673
1712807
1711887
1711800
1711011
1710413
1709548
1708809
1707811
1707793
1707207
1706258
1705418
1705031
1704488
1704206
1704078
1703647
1703255
1703183
1702221
1701444
1711480
1710912
1710320
1709455
1708672
1708441
1707944
1707377
1708418
1707537
1707411
1707363
1706592
1706068
1705461
1705299
1705214
1717332
1716644
1716569
1716261
1715692
1715635
1715250
1714552
1714339
1714033
1780602
1779992
1779059
1778450
1777549
1776788
1775952
1775190
1774235
1773295
1772677
1771956
1771863
1771228
1771030
1770429
1770075
1769689
1769323
1768819
1768220
1768157
1768106
1767370
1767196
1766761
1839918
1839822
1839637
1839197
1838476
1838364
1838140
1837249
1836359
1835941
1835084
1834871
1834203
1833929
1833822
1833498
1833078
1832114
1831174
1830550
1830356
1829757
1855199
1854674
1853762
1853125
1852465
1851526
1851308
1886449
1889906
1889782
1889124
1888776
1888487
1887787
1887061
1886224
1885701
1885192
1884389
1883694
1883359
1882584
1882406
1881455
1880606
1880370
1879942
1879674
1879620
1879187
1878437
1877959
1877735
1877533
1877026
1876933
1876729
1876177
1875181
1874828
1874595
1878666
1878351
1877717
1877619
1877478
1876832
1876072
1876033
1875872
1875306
1874458
1873944
1873408
1873207
1872537
1872199
1871709
1879643
1879204
1878781
1877819
1877385
1876522
1876073
1875726
1875474
1874895
1874052
1873174
1872638
1872556
1871653
1871184
1870239
1870146
1869176
1868352
1867575
1866805
1866109
1865515
1865156
1864841
1864815
1863887
1863759
1862802
1862522
1861937
1861030
1860706
1860607
1859650
1858865
1858338
1857881
1857309
1856469
1856290
1855899
1855323
1854564
1853579
1853513
1853458
1853065
1852677
1852164
1851600
1850775
1850615
1944200
1943677
1943035
1942909
1942748
1942716
1942132
1941340
1941047
1940049
1939322
1938577
1953098
1952620
1952306
1951769
1951387
1951094
1950134
1949295
1948569
1948262
1947401
1946591
1946454
1946417
1946031
1945354
1945154
1944334
1944238
1943641
1943506
1942617
1942264
1942202
1942040
1941420
1941075
2019089
2018569
2017593
2017559
2017192
2016200
2015893
2015569
2015160
2014703
2013853
2013605
2012780
2012150
2011772
2010953
2010256
2009552
2008563
2008234
2007572
2006965
2006461
2006026
2005830
2005506
2005483
2004847
2004031
2003673
2003274
2002339
2001663
2001465
2000616
1999867
1999668
1999517
1998546
1998530
1997881
1997527
1996822
1996291
1996069
1995956
1995360
1994999
1994090
1993853
1992927
1992359
1991991
1991877
1990987
1990150
1990122
1989733
1989344
1988977
1988827
1988589
1988073
1987777
1986796
2023638
2023320
2023315
2023199
2022861
2022587
2022198
2021306
2020965
2020516
2020040
2019501
2018529
2018428
2017804
2017439
2017145
2080351
2079975
2079449
2079230
2079141
2078455
2077894
2077625
2076754
2076342
2076067
2075937
2075363
2074792
2074429
2074163
2074136
2073393
2072831
2072013
2071038
2070226
2069463
2069045
2068082
2135773
2135204
2134411
2133726
2133285
2133232
2132638
2132473
2132092
2132032
2131438
2131121
2130456
2129982
2129192
2128446
2128036
2127475
2126528
2126038
2125643
2124697
2123811
2123566
2123367
2123315
2122790
2121931
2121692
2121031
2121009
2120546
2120311
2122426
2122206
2121588
2120856
2120414
2119842
2118932
2118363
2118316
2118063
2117907
2117595
2117390
2116999
2116361
2116185
2115454
2115246
2114579
2114481
2113557
2112636
487588
487286
487101
575501
575339
598335
598171
603456
602485
602727
602714
851878
868424
867934
867043
866237
865796
916062
915666
914784
913943
999019
998376
997927
997379
996488
995543
995524
995041
994552
993558
993086
992295
992826
992405
991985
991944
991358
990803
990344
991908
991285
991120
1026459
1025791
1073200
1072715
1071981
1071515
1070987
1070196
1069616
1068683
1068291
1129719
1128902
1128685
1128290
1128084
1127393
1126622
1149353
1149050
1148383
1147731
1146911
1145997
1145890
1145612
1145234
1144810
1144144
1143238
1176049
1175626
1183274
1182293
1182233
1181779
1181450
1180575
1180145
1179831
1180772
1179981
1179176
1178874
1178189
1178154
1177838
1177512
1176948
1176473
1175735
1175115
1175021
1174998
1174406
1173913
1173671
1173182
1176682
1175968
1179305
1178987
1178387
1178301
1177480
1176675
1176357
1176100
1175806
1174992
1178226
1177991
1177882
1177777
1177040
1176722
1176390
1175972
1175896
1186798
1186044
1185994
1185965
1185407
1185139
1184947
1184705
1184615
1184549
1184491
1184465
1184375
1184343
1184129
1183603
1182981
1182766
1182264
1181895
1181681
1181578
1181297
1181035
1180187
1179254
1178620
1178569
1178232
1185849
1185537
1184971
1184727
1184702
1184640
1184064
1183783
1219501
1218646
1218377
1217637
1216740
1215907
1215609
1215383
1215221
1215177
1214835
1213926
1213613
1213218
1212223
1211870
1211813
1210897
1210444
1209654
1208729
1208012
1207444
1207311
1206534
1206190
1205993
1205926
1205139
1204987
1204966
1204892
1204505
1203784
1203032
1202196
1202099
1201546
1201005
1200366
1200184
1199516
1198971
1198890
1198807
1198319
1197884
1197166
1197129
1201723
1200949
1200865
1200739
1200013
1199069
1198337
1198271
1197854
1197589
1196804
1196804
1196010
1195906
1194957
1194733
1194620
1193861
1193830
1193589
1193588
1192695
1192086
1191377
1190587
1190090
1189573
1189515
1189380
1189309
1189175
1188492
1187644
1187278
1186764
1186716
1186549
1186354
1186145
1185398
1184415
1207192
1206758
1206022
1205539
1217517
1216629
1215979
1215203
1214940
1214191
1213743
1213536
1212767
1212199
1211563
1211015
1210448
1209548
1209275
1208877
1208396
1207551
1206715
1206493
1205599
1205008
1204749
1204546
1204241
1206146
1206111
1205860
1205761
1205690
1205092
1205081
1245826
1245551
1244914
1243983
1243624
1243163
1242495
1242365
1241972
1241165
1240894
1240070
1310067
1310031
1309095
1308374
1307782
1307480
1392034
1391779
1390981
1390745
1389882
1389169
1388544
1387933
1387480
1387279
1386856
1386471
1385790
1385000
1384166
1383585
1383275
1382373
1382258
1428865
1438757
1438575
1438013
1437499
1436664
1436087
1435234
1434578
1433978
1433038
1433005
1432095
1431357
1430597
1434170
1433445
1432446
1431925
1431497
1585871
1585077
1584489
1584292
1584268
1584172
1583688
1582733
1582673
1581771
1581761
1581727
1581140
1580242
1579947
1579145
1578299
1577330
1576589
1576174
1575698
1574840
1574535
1573722
1573290
1572642
1572608
1572213
1571240
1571084
1570661
1569945
1569719
1569035
1568497
1567617
1566971
1566407
1565458
1565208
1564785
1564410
1564339
1564144
1563944
1563920
1563683
1563366
1562742
1562042
1562037
1561436
1560822
1560732
1759288
1758648
1758384
1757872
1757436
1757370
1757138
1757103
1756277
1755867
1755304
1754376
1782440
1781815
1781354
1780849
1780835
1780222
1779717
1779450
1779183
1778445
1777568
1776773
1821463
1821361
1820710
1820416
1820219
1839415
1838818
1838143
1837169
1836561
1836147
1835348
1834505
1834281
1833453
1832551
1832300
1831828
1831512
1830639
1830101
1829145
1829103
1828962
1828247
1827861
1827708
1827434
1826609
1826015
1825862
1825558
1825064
1824546
1823551
1823068
1822781
1822069
1821531
1821236
1820337
1819702
1819668
1819614
1819442
1819224
1819138
1818246
1817471
1816611
1877288
1876740
1875777
1875635
1916027
1915975
1915010
1914745
1914107
1913610
1913140
1918658
1917846
1917150
1916971
1916318
1915457
1915251
1914791
1914723
1914101
1913946
1913728
1913378
1913000
1912663
1911873
1911460
1911262
1910560
1909571
1908690
1908094
1908037
1907704
1910754
1910075
1909723
1909116
1908338
1908293
1907466
1907088
1906941
1906031
1905593
1905472
1904883
1904562
1920420
1920216
1920002
1919403
1919074
1918264
1917651
1917334
1917288
1917006
1916265
1915442
1914495
1913951
1913758
1913366
1913145
1913126
1913039
2070799
2070109
2069273
2068467
2068421
2068261
2068177
2068113
2067557
2067390
2067157
2066582
2066184
2065223
2064403
2063744
2062823
2062386
2061653
2060700
2060385
2060040
2059381
2058536
2057657
2056952
2056839
2056118
2055912
2055015
2054498
2053917
2053295
2052438
2051669
2050859
2050633
2049983
2049484
2048949
2048513
2048182
2047318
2047218
2047047
2046169
2045329
2044798
2044449
2043681
2042935
2042433
2041477
2040571
2040423
2039520
2039104
2053813
2053184
2052408
2051650
2051950
2051093
2050448
2049642
2049240
2048667
2047842
2047066
2046713
2179040
2178115
2177282
2177035
2176291
2175627
2175449
2175318
2174531
2173944
2173646
2173377
2173188
2172828
2172097
2171332
2170846
2170756
2170328
2169970
2169689
2169271
2221782
2221093
2220991
2220536
2219607
2219089
2218827
2218674
2218110
2217952
2217544
2216615
2216144
2215546
2215339
2214493
2213733
2212887
2212567
2211967
2211426
2210798
2210681
2210081
2209797
2209467
2208763
2208563
2208363
2208053
2207359
2207065
2206919
2206795
2205933
2205668
2205429
2204947
2203994
2203488
2202819
2202060
2201136
2200239
2199943
2199599
2198627
2198047
2197304
2197031
2196517
2195945
2195416
2194422
2194166
2193737
2193454
2192925
2202283
2202227
2201767
2201494
2201075
2200211
2199323
2199290
2199246
2198978
2198413
2197650
2196839
2196651
2196647
2196563
2196230
2195276
2194560
2194408
2194367
2193983
2193817
2193565
2192566
2191898
2191868
2191267
2190839
2190283
2189775
2189166
2188230
2187680
2187375
2186677
2185872
2184985
2184336
2183883
2183060
2182889
2182183
2181337
2181203
2180310
2179970
2179532
2179090
2178848
2178535
2186542
2186528
2186128
2185662
2185539
2184606
2184533
2183941
2183806
2183204
2183173
2182554
2182097
2181759
2181684
2180790
2180479
2180174
2179290
2179263
2178803
2178700
2177880
2177261
2177093
2176781
2176430
2176049
2175118
2174176
2173387
2172949
2172246
2171390
2170974
2170945
2170397
2170380
2170274
2169799
2169376
2168979
2168083
2167673
2167417
2167070
2166829
2166040
2165704
2164918
2164576
2163843
2162981
2162021
2161256
2160512
2159959
2159292
2158657
2158433
2158026
2157774
2157163
2156223
2156081
2156081
2155250
2154947
2154663
2153917
2153596
2153049
2152403
2152251
2151667
2151357
2151050
2150569
2150176
2149513
2148679
2147844
2147287
2146953
2146887
2146333
2145677
2144905
2144605
2144242
2143369
2142613
2141782
2141444
2140976
2140533
2140083
2139783
2139369
2138501
2138152
2137238
2136597
2136031
2135647
2134730
2134067
2133545
2133037
2132550
2131972
2131540
2131092
2130552
2180654
2180421
2179693
2179121
2178639
2178454
2178124
2178021
2177487
2177487
2176987
2176554
2175945
2175541
2175421
2175399
2248617
2248564
2248247
2247402
2247146
2246866
2246314
2245675
2245109
2244225
2243485
2243165
2242489
2242339
2241616
2241337
2240627
2240374
2239734
2239074
2238954
2238319
2238071
2237694
2237358
2236737
2236266
2235599
2235396
2234404
2234142
2233935
2233240
2232674
2232324
2231632
2230701
2230439
2229921
2229208
2228368
2227508
2226963
2226185
2225684
2224866
2223879
2223169
2222269
2221991
2221122
2220873
2220058
2219365
2218948
2218203
2217350
2216541
2216119
2215959
2215120
2214870
2214843
2214478
2213555
2213531
2213120
2212371
2212051
2211087
2210671
2209853
2209853
2209286
2208897
2208147
2207671
2207180
2206244
2205825
2204865
2204220
2203540
2203105
2202858
2202715
2201858
2200996
2200200
2199455
2198819
2197988
2197088
2196812
2196441
2195601
2194649
2194256
2194050
2193306
2193186
2192407
2191975
2191698
2190952
2190952
2190835
2190357
2189692
2189465
2189465
2188899
2188530
2188099
2187609
2186989
2186736
2185794
2185339
2185241
2184635
2184355
2184320
2184272
2183958
2183168
2182970
2182013
2181770
2181480
2181103
489071
488472
488038
487507
488168
534972
566439
795998
795320
795293
794445
793767
793511
793150
792671
846082
845441
845431
844581
843651
881472
886036
885533
885466
885225
885020
891059
892867
904927
904800
904733
904010
903384
903066
902205
902003
901580
999582
999464
999595
1026938
1026543
1025816
1025386
1025361
1024508
1023778
1022915
1022095
1021267
1020971
1020385
1019748
1019012
1018552
1018156
1018131
1017851
1017891
1017415
1017053
1016146
1015592
1015325
1014770
1014512
1058395
1057545
1057195
1056898
1056886
1056803
1056360
1055738
1055360
1079736
1079046
1078941
1078736
1078068
1077975
1077168
1076659
1075892
1075125
1074474
1074355
1074091
1073737
1073326
1073036
1072902
1072168
1071773
1071123
1070555
1069936
1069774
1069450
1069351
1076794
1076347
1075895
1075176
1074902
1074231
1073838
1073196
1076106
1075822
1075361
1075361
1075269
1074616
1074421
1076366
1075814
1075545
1075341
1075105
1074682
1074542
1074270
1073522
1072676
1075414
1116979
1116960
1116418
1116312
1116013
1115093
1115003
1114759
1114711
1530262
1529406
1529349
1528709
1528197
1527822
1527386
1526588
1526128
1525256
1524718
1524231
1523448
1522887
1522760
1521920
1521883
1521214
1520492
1520384
1520131
1519660
1519174
1518366
1518144
1517238
1516980
1516483
1516067
1515418
1515356
1514532
1513665
1517736
1517526
1517862
1517107
1516828
1516491
1515722
1515392
1514630
1513766
1513110
1513110
1512674
1511929
1511313
1510490
1510224
1510215
1509359
1508697
1507736
1507086
1506308
1505664
1504748
1504592
1503817
1503161
1502799
1502140
1502121
1501827
1501752
1501051
1500970
1500577
1499970
1514396
1514294
1514077
1513750
1513392
1512768
1512300
1511397
1510505
1510270
1510908
1510358
1514027
1513638
1513011
1512712
1512647
1512290
1512242
1511723
1511043
1510342
1510169
1509790
1640682
1640651
1640545
1639840
1639585
1639211
1639162
1638194
1638071
1637668
1637658
1637122
1636821
1635838
1635171
1637517
1636570
1635784
1634971
1634712
1633772
1633482
1632798
1632537
1632489
1632484
1632338
1631417
1631199
1631182
1630931
1630510
1629519
1652425
1651760
1650830
1650425
1650422
1649697
1649282
1649266
1648836
1648056
1647308
1647233
1646365
1645426
1644436
1644351
1643914
1643236
1642821
1642146
1641731
1641704
1641302
1640347
1639368
1639207
1638266
1637627
1636880
1636336
1636186
1635682
1634852
1634281
1634130
1633777
1633057
1643273
1642924
1642861
1642227
1642027
1641502
1640730
1640718
1639859
1639197
1638496
1638088
1637325
1637097
1636889
1636403
1636214
1635997
1635937
1635444
1635171
1635161
1634683
1634310
1634160
1633696
1633133
1632382
1631398
1630570
1629894
1629532
1628740
1628257
1628044
1627274
1627175
1626806
1625875
1625297
1625081
1624254
1623680
1623305
1623302
1623198
1622933
1622370
1622027
1621542
1621233
1620544
1619715
1618954
1618473
1617864
1616914
1616395
1615411
1614668
1614055
1613424
1619903
1618971
1627315
1626799
1626285
1626238
1625314
1624438
1623737
1623078
1622687
1622561
1622499
1622048
1621849
1621449
1621174
1621146
1620809
1620092
1619517
1619222
1618304
1617924
1617765
1617309
1616552
1615597
1615249
1615165
1614902
1630135
1629411
1628774
1628143
1627745
1626980
1626918
1626031
1625894
1625685
1625631
1624684
1625490
1625183
1624513
1624432
1623980
1623623
1623047
1623697
1622993
1622259
1621921
1621322
1621257
1620446
1620028
1619390
1618979
1618270
1617963
1617372
1616553
1663354
1662715
1662350
1661795
1661367
1661191
1660520
1659600
1659593
1658949
1658946
1658192
1657255
1656557
1655978
1655710
1654916
1654647
1654210
1653720
1653660
1653006
1652540
1689006
1688965
1712461
1711839
1711325
1711002
1710528
1709990
1709553
1709282
1708700
1708269
1707297
1706516
1705913
1705230
1704962
1704253
1703970
1703405
1703292
1702825
1702311
1768898
1768294
1767456
1767184
1766969
1766313
1766160
1765518
1765388
1764846
1764363
1763933
1763556
1763164
1762276
1761733
1760950
1760386
1760287
1759607
1758799
1758235
1757297
1756832
1756595
1756586
1756264
1755572
1754921
1754147
1753778
1753098
1752923
1752059
1751419
1751172
1750448
1749919
1749352
1749009
1748033
1747948
1746969
1746553
1746136
1745345
1744828
1744670
1744591
1746292
1766017
1765235
1765171
1764219
1763633
1763373
1762904
1762354
1761535
1760860
1760072
1759787
1758789
1757884
1757063
1756093
1755905
1755324
1754356
1753912
1753385
1752444
1752171
1814862
1814554
1814454
1978103
1977953
1977110
1976220
1975445
1975061
1974768
1973900
1973827
1973498
1973265
1973057
1972447
1971901
1971132
1970962
1970212
1969310
1969157
1968445
1968010
1967635
1967136
1966246
1974691
1974453
1973495
1973083
1972336
1972140
1971435
1970593
1969985
1969136
1968444
1967715
1967700
1967080
1966643
1966405
1966016
1965678
1965132
1965064
1964508
1964207
2011430
2011330
2010968
2010018
2009676
2008770
2008286
2007439
2006637
2005982
2005348
2005206
2004793
2004657
2004255
2003363
2003210
2002843
2001929
2001297
2000875
2000866
2000660
2000460
2000436
2000229
1999584
1999218
1998504
1998188
1997531
1996925
1996179
1995851
1995460
1994968
1993970
1993410
1992637
1992257
1991392
2084563
2084408
2083628
2083350
2095852
2095137
2094566
2094200
2093423
2092960
2092013
2091249
2090660
2089873
2088889
2088039
2087795
2086912
2086280
2085808
2085056
2084686
2084404
2084402
2083972
2083799
2083137
2082695
2082396
2081481
2081103
2081052
2080243
2080152
2079435
2079296
2078950
2078279
2078197
2077512
2077084
2076727
2076639
2076094
2075695
2075564
2074865
2074696
2074613
2074261
2074248
2073599
2072995
2072812
2071852
2071097
2070416
2069867
2069094
2068563
2067943
2115198
2114207
2113776
2113547
2113075
2112541
2111825
2111160
2110414
2109782
2109044
2109015
2108670
2107894
2107820
2107595
2106697
2105942
2105496
2104971
2104801
2104407
2104231
2103691
2103545
2103383
2103204
2103204
2102335
2101403
2100946
2100895
2100583
2099617
2099228
2098455
2098201
2097960
2096961
2096640
2096233
2095318
2094685
2094350
2093357
2092485
2092256
2091411
2090534
2090158
2089741
2089185
2088527
2087893
2087252
2086701
2086591
2085894
2085511
2085418
2085132
2084924
2084257
2083704
2083496
2082603
2081994
2081940
2080955
2080091
2079503
2078902
2078234
2077840
2076869
2076219
2075924
2075809
2075160
2074964
2074364
2074018
2073539
2072777
2072014
2071520
2070532
2069572
2068974
2068892
2068635
2068074
2067613
2067083
2066225
2065240
2064443
2066386
2066021
2065961
2065676
2065408
2064759
2064397
2063622
2109065
2108461
2107480
2107407
2107405
2107341
2106948
2106009
2105610
2104677
2103981
2103619
2103434
2102511
2101846
2101144
2101012
2100213
2100032
2099602
2099276
2099186
2099048
2098719
2098059
2097967
2097303
2097030
2096345
2095941
2095379
2094607
2094394
2093777
2092787
2092399
2092324
2091337
2090888
2090609
2089947
2089614
2089192
2088755
2087866
2087407
2125575
2125278
2124663
2123994
2123797
2122820
2122609
2121898
2121062
2120720
2120430
2120113
2119221
2118678
2118654
2118250
2118209
2117638
2117009
2116737
2115822
2114925
2114767
2129587
2129215
2128438
2127485
2127035
2126403
2126283
2125770
2125364
2125224
2125209
2124496
2124064
2123818
2123737
2123307
2122812
2122347
2121788
2121543
2120863
2119943
2119695
2119357
2119075
2118479
2117824
2117254
2116311
2115889
2115288
2114402
2114183
2113435
2112738
2112139
2111651
2111583
2117546
2117130
2116219
2115271
2114661
2113827
2113437
2112839
2112463
2111974
2111087
2110663
2110010
2109219
2108433
2108262
2108083
2107807
2107631
2107609
2107257
2106608
2106453
2105992
2105348
2104699
2104007
2103731
2103576
2102830
2103100
2102222
2102131
2101800
2101653
2100975
2100975
2100173
2099597
2099274
2098769
2098725
2097789
2097200
2096235
2096143
2095461
2095261
2094585
2094155
2093183
2092693
2092117
2091225
2090467
2090296
2089634
2089329
2092277
2091478
2090531
2090019
2089513
2089226
2088630
2088379
2088156
2089000
2088334
2087477
2086518
2086203
2085737
2085362
2085195
2084864
2084311
2084108
2083602
2082876
2082504
2082467
2082421
2081989
2081602
2081536
2081334
2080971
2080231
2283712
2283123
2282776
2282485
491539
511878
511830
511732
511219
510860
530632
530177
628806
656985
656528
655949
655295
654718
830499
857605
857047
856800
856223
856082
855996
855079
1243335
1242501
1241845
1241782
1241497
1241466
1241163
1240804
1240402
1240247
1239687
1238841
1238773
1238627
1238336
1308555
1308017
1307803
1307297
1306575
1311204
1311030
1310664
1310327
1309404
1308415
1308156
1307904
1307868
1307855
1306870
1305958
1305166
1304929
1304060
1303523
1357088
1356372
1355569
1355307
1355154
1355101
1354879
1354040
1354032
1353489
1353440
1353412
1352792
1352027
1372944
1372380
1372090
1371756
1370840
1370052
1369439
1368622
1368032
1367677
1367585
1366864
1366033
1365531
1365306
1364772
1364735
1519720
1519411
1518737
1517740
1517280
1516441
1516173
1515749
1515515
1514607
1514499
1513808
1513647
1512863
1512626
1512109
1511680
1511361
1511010
1510855
1510506
1509518
1509179
1508510
1507924
1506927
1506891
1506465
1506028
1506023
1505717
1505220
1504467
1503483
1503270
1503115
1502329
1502125
1502050
1501259
1500329
1499557
1498943
1498632
1498405
1498203
1497542
1496749
1495965
1495182
1494349
1493527
1493301
1492459
1491635
1491330
1490698
1490338
1489444
1489296
1489057
1488587
1488037
1487276
1486725
1486335
1485695
1485028
1484312
1484065
1484139
1483575
1482739
1482621
1482440
1482439
1481715
1481282
1480820
1479878
1479019
1479015
1478752
1478216
1477784
1477389
1477021
1476251
1475565
1474995
1486167
1486047
1485748
1485582
1485343
1485105
1484491
1484092
1483329
1482689
1481973
1481339
1480508
1479636
1478761
1478192
1477923
1477162
1476743
1476013
1475240
1474729
1474255
1473330
1472943
1472652
1471947
1471362
1470974
1470578
1470279
1470175
1469659
1469412
1468838
1468131
1467372
1467046
1466552
1466341
1465632
1464877
1464208
1463390
1467513
1467033
1466209
1465532
1464792
1464231
1464227
1463687
1462893
1462294
1461531
1460711
1460330
1459569
1458692
1458153
1457380
1457234
1456659
1455749
1455598
1454890
1454861
1454443
1453688
1453234
1452657
1452052
1451719
1451345
1451072
1450381
1449951
1448955
1448438
1447471
1446700
1446476
1445536
1445063
1444585
1444056
1443919
1443438
1442548
1443006
1442852
1442364
1442118
1441377
1441041
1440277
1440272
1440217
1440201
1439702
1438823
1438503
1437817
1437588
1437531
1436960
1436366
1436004
1435648
1435204
1434364
1433978
1434686
1433788
1433131
1432334
1431590
1431407
1431280
1430412
1430410
1430052
1429296
1429079
1449844
1449723
1449218
1448351
1447633
1447426
1446984
1446129
1446020
1445243
1444542
1444236
1443432
1443118
1442992
1466405
1466100
1466038
1465876
1465154
1464487
1463624
1585863
1585448
1584961
1584240
1583561
1582594
1582096
1581759
1581272
1603006
1602364
1601821
1601275
1600846
1600650
1599936
1599642
1599523
1599471
1599063
1598549
1598126
1597310
1596852
1596208
1595903
1595828
1594955
1594155
1593661
1593255
1593750
1592752
1592566
1591726
1591395
1591128
1590495
1589848
1588945
1588634
1588446
1587564
1587392
1587053
1586643
1585837
1585361
1584665
1640419
1640399
1639932
1639467
1638519
1638199
1637790
1637584
1637118
1636653
1636076
1635926
1635395
1635065
1634388
1633707
1633664
1632848
1632484
1631536
1631208
1630856
1629882
1629586
1628768
1628732
1628033
1627865
1627828
1627729
1626979
1626699
1626286
1625581
1624728
1632245
1631904
1631652
1631577
1631552
1631110
1630190
1629827
1629177
1629122
1628865
1628714
1627741
1626789
1626248
1625264
1625159
1624717
1623883
1623618
1623209
1622295
1621878
1621323
1621241
1621114
1620145
1619246
1619038
1618864
1618732
1618051
1617821
1616827
1615942
1615749
1615632
1615028
1614503
1614370
1613849
1613663
1615567
1615040
1614450
1613672
1612862
1612050
1652494
1652120
1651976
1651149
1650173
1649394
1648935
1648157
1664855
1664714
1663996
1663409
1663189
1662359
1662144
1661911
1660965
1660265
1659902
1659428
1659395
1658528
1657602
1656875
1656143
1656036
1655166
1655112
1654857
1654794
1654654
1654470
1653944
1653508
1653302
1653216
1652894
1652353
1651697
1655680
1655517
1654837
1654711
1654487
1654476
1653748
1653290
1652396
1651744
1650875
1650127
1649516
1649067
1789187
1788524
1787584
1787375
1786387
1785999
1785679
1785233
1784780
1784402
1783570
1782823
1782306
1781697
1781653
1781358
1780777
1780547
1780078
1779248
1779123
1778978
1778008
1778160
1777326
1776506
1775836
1775817
1775190
1774613
1774578
1774413
1774197
1774180
1774132
1773713
1773513
1773355
1772531
1771713
1771044
1770865
1770385
1769568
1769450
1768857
1768303
1776624
1776020
1775456
1775380
1775173
1774747
1773891
1773191
1772745
1771839
1770939
1770275
1769644
1769466
1768736
1768431
1768038
1767389
1767008
1766737
1772796
1772216
1771527
1771406
1770421
1770025
1769284
1774174
1773575
1772935
1772802
1772456
1771555
1770740
1770634
1770276
1778750
1778211
1777786
1777145
1776885
1776339
1775380
1774880
1774092
1773215
1772863
1772278
1772031
1771840
1771380
1770623
1770311
1769396
1769045
1768720
1768453
1767580
1766939
1766822
1766005
1765166
1764831
1764517
1763983
1763784
1763108
1762909
1762736
1761865
1761341
1760863
1760245
1759412
1758942
1757953
1757811
1757640
1757501
1757220
1756415
1756344
1755434
1754516
1754036
1753385
1753302
1875781
1875528
1875411
1874835
1874494
1874373
1873784
1873211
1872856
1872351
1871649
1870770
1870507
1869996
1869389
1869064
1868274
1868087
1867296
1866897
1866892
1866462
1866332
1866258
1865728
1865173
1864703
1864581
1864429
1863891
1863172
1862590
1862542
1862362
1861750
1861002
1860252
1859532
1859471
1859409
1859164
1858362
1857922
1857998
1857941
1857703
1856793
1856215
1855911
1855765
1855709
1855656
1854687
1854124
1853611
1852786
1852332
1852108
1852009
1852363
1851923
1850984
1850152
1849711
1849078
1849056
1848221
1848016
1847475
1846745
1874207
1873551
1873507
1873163
1872451
1872347
1872048
1871447
1871006
1870706
1870056
1869552
1869537
1868626
1868465
1867994
1867209
1866541
1866403
1865695
1865229
1864617
1863950
1863177
1863101
1862753
1861818
1861395
1861381
1861298
1860763
1860688
1859802
1858996
1858643
1857843
1857711
1856895
1856681
1856037
1855782
1855176
1854716
1853798
1853416
1852655
1852046
1851267
1851019
1850129
1849826
1849265
1849090
1848234
1847310
1847201
1846935
1846135
1845288
1845014
1844317
1844093
1843270
1842485
1841508
1841257
1841228
1840613
1839973
1839585
1839029
1838502
1837618
1836943
1835967
1835693
1835529
1834933
1834182
1833781
1833765
1833498
1833470
1832831
1834741
1834195
1840596
1839947
1839602
1839460
1838505
1837811
1837003
1836540
1836459
1835760
1835146
1834323
1833521
1886213
1885251
1884654
1884382
1884239
1883422
1882945
1882304
1882179
1882174
1881871
1881734
1881503
1881182
1880834
1879882
1879074
1878588
1878532
1877906
1877865
1877865
1877457
1876588
1876142
1875323
1874860
1874830
1874010
1873419
1872723
1871858
1870973
1870183
1869414
1868482
1868257
1867776
1867009
1866143
1865972
1865156
1864269
1863546
1863425
1862427
1862802
1862636
1862577
1862480
1861938
1861900
1860909
1860767
1860191
1859874
1859623
1866359
1865474
1865182
1865122
1864996
1864381
1863476
1862628
1861717
1861523
1860858
1860835
1861461
1860874
1860560
1860099
1859188
1979695
1978756
1978040
1977376
1976975
1976961
1976530
1975705
1975529
1975440
1974511
1973843
1973065
1972744
1972743
1971812
1971297
1970885
1970684
1970192
1969290
1968986
1968004
1967854
1967382
1967031
1966276
1965534
1964959
1964827
1964513
1963717
1963056
1962260
1961616
1960640
1960152
1960096
1959834
1959236
1958761
1958589
1958506
1958125
1958044
1957748
1957379
1956861
1956650
1956258
1955987
1955469
1955089
1954655
1954129
1953734
1953556
1952679
1951878
1951520
1951373
1951016
1950174
1949369
1949274
1949108
1948294
1947941
1947785
1947601
1947977
1947452
1947409
1947120
1947003
1946651
1946609
1946386
1945391
1944942
1944702
1944262
1943323
1942752
1941958
2005120
2004462
2004391
2003433
2003073
2002307
2002301
2001924
2001919
2001696
2000785
2000399
1999736
1998895
1998648
1998361
1998096
1997429
1997240
1997194
1996357
1996006
1995101
1995083
1994465
1993764
1993674
1993088
